34928	35048	35167	35286	35405	35524	35644	35763	35882	36001	36120	36240	36359	36478	36597	36716	36836	36955	37074	37193	37313	37432	37551	37670	37789	37909	38028	38147	38266	38385	38505	38624	38743	38862	38981	39101	39220	39339	39458	39577	39697	39816	39935	40054	40174	40293	40412	40531	40650	40770	40889	41008	41127	41246	41366	41485	41604	41723	41842	41962	42081	42200	42319	42439	42558	42677	42796	42915	43035	43154	43273	43392	43511	43631	43750	43869	43988	44107	44227	44346	44465	44584	44703	44823	44942
64	170	1	2	119	0	1953125	12	0.0	0	0.95	0	0	V0.2	0	0	141	197	145	205	140	205	143	206	145	197	139	194	147	181	144	166	151	154	159	133	167	117	189	91	209	79	235	52	253	24	269	40	301	115	229	205	203	326	168	430	199	513	283	622	315	579	463	432	237	236	342	385	570	497	871	753	1000	943	826	552	525	277	423	164	350	209	330	249	245	265	163	281	90	279	22	247	34	226	73	185	92	154	105	128	112
64	170	1	2	119	0	1953125	12	0.0	0	0.95	0	0	V0.2	0	0	141	197	145	205	140	205	143	206	145	197	139	194	147	181	144	166	151	154	159	133	167	117	189	91	209	79	235	52	253	24	269	40	301	115	229	205	203	326	168	430	199	513	283	622	315	579	463	432	237	236	342	385	570	497	871	753	1000	943	826	552	525	277	423	164	350	209	330	249	245	265	163	281	90	279	22	247	34	226	73	185	92	154	105	128	112
64	170	1	2	119	0	1953125	12	0.0	0	0.95	0	0	V0.2	0	0	140	189	160	184	166	176	177	171	188	154	186	143	196	126	192	104	196	94	197	83	194	79	202	96	209	110	206	139	176	208	158	226	147	268	28	334	15	358	210	409	262	435	458	451	488	460	641	266	365	114	418	329	467	495	800	828	1000	863	742	537	529	355	330	308	204	376	147	359	86	319	121	267	158	218	194	145	196	100	202	52	185	24	174	9	154
64	170	1	2	119	0	1953125	12	0.0	0	0.95	0	0	V0.2	0	0	140	189	160	184	166	176	177	171	188	154	186	143	196	126	192	104	196	94	197	83	194	79	202	96	209	110	206	139	176	208	158	226	147	268	28	334	15	358	210	409	262	435	458	451	488	460	641	266	365	114	418	329	467	495	800	828	1000	863	742	537	529	355	330	308	204	376	147	359	86	319	121	267	158	218	194	145	196	100	202	52	185	24	174	9	154
64	170	1	2	119	0	1953125	12	0.0	204	1.05	0	0	V0.2	0	0	274	271	233	230	250	230	187	168	183	163	132	97	120	112	81	78	141	141	135	167	212	236	215	233	301	326	284	297	361	412	301	354	410	418	371	313	452	306	411	323	216	452	335	471	247	389	439	240	247	312	747	372	601	574	1000	605	436	757	318	639	117	547	193	406	275	301	316	276	278	263	260	234	236	201	191	186	166	145	129	118	94	83	59	43	23
64	170	1	2	119	0	1953125	12	0.0	0	0.51	0	0	V0.2	0	0	17	9	4	14	21	19	12	3	12	20	25	20	11	6	15	27	28	20	8	17	41	47	50	35	27	50	67	79	105	94	111	110	151	191	179	210	159	218	298	376	410	440	456	472	411	529	528	482	508	370	564	649	739	1000	710	498	317	86	237	149	198	279	264	228	125	69	92	133	139	126	78	37	22	51	76	76	56	32	4	32	52	55	42	20	13
64	170	1	2	119	0	1953125	12	0.0	0	0.51	0	0	V0.2	0	0	17	9	4	14	21	19	12	3	12	20	25	20	11	6	15	27	28	20	8	17	41	47	50	35	27	50	67	79	105	94	111	110	151	191	179	210	159	218	298	376	410	440	456	472	411	529	528	482	508	370	564	649	739	1000	710	498	317	86	237	149	198	279	264	228	125	69	92	133	139	126	78	37	22	51	76	76	56	32	4	32	52	55	42	20	13
64	170	2	2	119	0	1953125	12	0.0	0	0.68	0	0	V0.2	0	0	32	15	20	35	25	9	35	36	15	19	40	28	5	30	36	11	26	52	42	16	31	47	26	8	19	28	46	74	69	71	54	23	30	82	167	205	303	262	389	510	411	329	123	183	32	237	574	522	761	833	744	1000	918	553	443	783	563	136	252	728	638	448	337	341	389	264	107	18	82	59	55	107	109	80	36	50	52	21	29	49	47	29	31	46	42
64	170	2	2	119	0	1953125	12	0.0	0	0.68	0	0	V0.2	0	0	32	15	20	35	25	9	35	36	15	19	40	28	5	30	36	11	26	52	42	16	31	47	26	8	19	28	46	74	69	71	54	23	30	82	167	205	303	262	389	510	411	329	123	183	32	237	574	522	761	833	744	1000	918	553	443	783	563	136	252	728	638	448	337	341	389	264	107	18	82	59	55	107	109	80	36	50	52	21	29	49	47	29	31	46	42
64	170	2	2	119	0	1953125	12	0.0	7466	2.30	0	0	V0.2	0	0	48	23	17	36	45	24	11	29	26	20	3	24	25	10	12	35	28	7	14	36	40	32	17	64	27	43	31	89	72	57	31	40	32	131	20	56	51	227	74	236	136	89	397	201	118	247	458	285	229	345	584	296	403	689	606	674	476	1000	628	417	302	212	368	139	124	40	131	179	64	92	75	98	64	56	76	74	65	16	59	64	50	18	40	52	40
