34928	35048	35167	35286	35405	35524	35644	35763	35882	36001	36120	36240	36359	36478	36597	36716	36836	36955	37074	37193	37313	37432	37551	37670	37789	37909	38028	38147	38266	38385	38505	38624	38743	38862	38981	39101	39220	39339	39458	39577	39697	39816	39935	40054	40174	40293	40412	40531	40650	40770	40889	41008	41127	41246	41366	41485	41604	41723	41842	41962	42081	42200	42319	42439	42558	42677	42796	42915	43035	43154	43273	43392	43511	43631	43750	43869	43988	44107	44227	44346	44465	44584	44703	44823	44942
64	170	1	2	119	0	1953125	12	0.0	0	0.94	0	0	V0.2	0	0	26	49	40	40	47	25	52	18	57	14	51	22	53	27	53	35	63	32	73	38	79	45	87	80	90	108	96	146	73	162	69	191	123	185	169	187	175	126	231	179	301	157	145	210	274	448	501	482	383	415	267	191	381	403	782	761	999	851	769	565	453	324	230	205	111	183	112	158	131	129	157	105	153	94	143	93	117	95	91	93	69	90	64	79	64
64	170	1	2	119	0	1953125	12	0.0	0	0.94	0	0	V0.2	0	0	42	40	51	29	62	8	58	7	61	18	54	30	54	33	61	43	68	44	80	57	74	72	74	109	64	134	66	155	48	153	84	154	141	141	190	158	209	145	263	225	357	254	210	366	393	575	556	496	439	337	321	181	419	530	902	775	1000	879	816	669	483	412	246	249	152	210	178	157	185	128	191	114	159	121	138	120	103	120	84	112	71	101	77	84	78
64	170	1	2	119	0	1953125	12	0.0	0	0.95	0	0	V0.2	0	0	61	12	52	19	52	27	41	27	37	29	30	32	27	24	33	29	35	26	50	47	50	59	50	83	56	107	57	132	44	156	75	160	125	153	178	161	179	140	224	148	274	95	151	256	335	545	590	512	424	347	289	303	508	624	1000	726	903	719	672	510	463	351	317	256	195	244	143	216	141	189	165	143	155	109	149	81	123	76	102	71	80	76	64	70	57
64	170	1	2	119	0	1953125	12	0.0	0	0.95	0	0	V0.2	0	0	244	214	249	217	246	222	247	232	242	234	234	242	226	247	212	253	201	260	183	262	167	265	159	272	146	270	147	280	158	273	194	264	263	227	351	190	381	33	431	38	359	163	265	209	342	328	535	392	441	403	166	427	83	513	505	856	703	999	612	743	324	413	193	260	217	202	300	104	325	33	314	75	293	115	268	155	236	190	197	204	167	216	140	222	116
64	170	1	2	119	0	1953125	12	0.0	0	0.95	0	0	V0.2	0	0	199	235	205	234	206	236	213	236	214	230	217	227	225	216	223	205	231	195	233	174	241	162	244	149	250	131	266	140	243	151	246	193	244	257	178	274	165	358	87	379	58	361	174	306	272	361	326	438	386	209	505	214	431	319	781	527	1000	619	667	278	498	167	352	218	217	259	105	297	48	299	71	278	112	256	166	213	188	186	206	154	214	126	219	111	213
64	170	1	2	119	0	1953125	12	0.0	0	0.95	0	0	V0.2	0	0	230	273	234	272	233	275	243	276	243	268	249	263	258	252	257	236	270	222	271	199	282	186	284	166	300	143	305	169	283	171	281	213	288	249	243	341	190	410	65	417	89	349	183	381	247	532	520	458	522	54	411	151	567	409	907	465	1000	682	982	450	555	190	383	221	231	294	126	354	59	344	72	326	124	298	171	258	207	225	234	184	243	155	248	137	247
64	170	1	2	119	0	1953125	12	0.0	0	0.95	0	0	V0.2	0	0	201	246	209	244	208	244	216	248	218	238	220	238	229	226	227	213	236	205	239	179	246	168	263	142	263	130	281	126	275	147	261	160	304	234	217	250	224	354	120	413	44	373	134	404	180	538	405	439	362	206	405	124	649	471	999	565	972	545	824	357	575	178	388	170	257	277	161	320	104	335	32	325	62	299	112	266	154	235	182	199	199	167	213	137	219
64	170	1	2	119	0	1953125	12	0.0	0	0.99	0	0	V0.2	0	0	278	297	281	293	290	302	289	295	295	300	294	291	293	289	294	278	288	270	294	249	291	241	300	214	299	216	322	173	335	192	319	152	395	136	334	152	380	171	362	203	385	148	510	74	461	45	455	146	389	291	345	209	783	759	951	521	1000	604	961	421	587	212	473	197	364	227	323	245	291	239	268	224	267	227	265	214	267	204	269	196	260	186	262	174	253
64	170	1	2	119	0	1953125	12	0.0	154	1.05	0	0	V0.2	0	0	52	46	24	64	30	55	12	60	9	52	23	38	35	36	36	10	62	20	40	40	60	33	21	83	30	80	37	121	8	120	65	157	78	205	108	189	123	189	134	145	68	149	64	117	32	39	132	175	227	279	566	552	453	443	863	876	1000	646	686	609	597	439	455	349	285	150	252	140	149	82	182	74	117	92	129	52	86	82	73	59	70	64	39	62	57
64	170	1	2	119	0	1953125	12	0.0	84	1.03	0	0	V0.2	0	0	24	47	26	40	16	44	19	36	6	45	8	32	21	44	14	30	35	40	36	34	51	30	64	54	79	45	87	71	96	76	96	77	63	99	141	143	92	131	160	121	126	11	151	231	343	265	77	102	418	561	566	441	240	510	790	1000	723	354	240	504	451	365	253	293	233	158	148	147	143	53	82	92	89	52	81	75	66	50	72	59	51	53	67	49	33
64	170	1	2	119	0	1953125	12	0.0	0	0.42	0	0	V0.2	0	0	15	14	12	12	8	7	8	10	13	16	14	14	10	7	4	5	11	14	20	21	30	24	18	18	7	11	22	14	35	20	31	19	43	64	7	84	75	58	69	107	99	128	160	348	306	292	356	244	540	450	352	503	474	816	387	1000	441	665	368	120	159	55	49	16	82	86	87	86	78	55	52	50	33	24	11	13	13	11	17	20	25	25	24	21	18
64	170	2	2	119	0	1953125	12	0.0	0	0.42	0	0	V0.2	0	0	11	11	14	16	15	14	11	7	6	10	18	23	25	25	19	14	7	7	12	28	37	45	46	55	37	33	38	75	93	97	180	193	143	157	94	123	38	138	168	294	232	401	410	274	177	80	300	406	642	792	1000	797	806	787	112	459	106	323	398	350	159	224	113	55	62	126	102	115	104	75	37	14	8	19	24	32	30	25	19	17	13	8	3	4	12
64	170	2	2	119	0	1953125	12	0.0	0	0.47	0	0	V0.2	0	0	20	23	23	15	9	7	17	25	29	27	21	12	10	21	31	35	36	32	21	17	30	56	65	72	79	46	44	67	63	73	102	105	109	142	184	258	267	364	484	426	553	559	513	616	687	494	657	620	405	664	915	563	792	1000	401	407	574	301	102	129	413	252	190	160	80	70	102	114	110	72	68	45	42	28	3	24	43	48	53	47	35	21	7	15	27
64	170	2	2	119	0	1953125	12	0.0	0	0.51	0	0	V0.2	0	0	23	26	24	15	5	17	27	26	18	4	14	28	33	28	12	5	29	42	36	26	8	30	43	55	44	46	20	25	73	128	131	158	134	245	244	312	520	226	367	445	258	379	273	327	346	544	519	790	738	557	949	750	371	433	332	766	482	1000	324	361	538	332	318	82	85	80	63	94	87	81	64	41	7	38	63	68	51	19	9	37	50	51	40	12	12
64	170	2	2	119	0	1953125	12	0.0	0	0.52	0	0	V0.2	0	0	33	27	18	23	33	38	35	26	24	34	45	47	40	34	36	48	60	62	57	48	60	80	84	102	85	79	94	101	115	136	152	173	279	287	318	410	403	374	335	422	578	379	533	406	629	625	622	812	783	781	765	752	1000	753	582	699	987	869	966	816	664	524	222	238	163	135	98	136	95	60	87	87	107	106	85	61	53	67	78	77	57	33	33	48	59
64	170	2	2	119	0	1953125	12	0.0	0	0.56	0	0	V0.2	0	0	14	18	31	34	26	15	23	36	36	26	18	33	46	45	32	30	46	64	63	51	53	86	87	90	61	63	85	131	133	139	86	105	142	210	197	254	268	324	410	482	542	537	653	751	719	999	839	999	893	872	890	564	888	591	631	234	245	256	338	386	95	181	28	52	114	136	73	61	41	36	80	82	67	31	31	56	61	43	17	25	48	50	37	15	16
64	170	2	2	119	0	1953125	12	0.0	0	0.69	0	0	V0.2	0	0	30	53	54	29	38	59	49	25	48	62	39	31	59	54	25	54	74	50	23	78	81	36	49	85	49	35	91	130	39	84	202	203	96	99	186	199	119	251	341	292	123	442	299	268	266	593	571	483	641	1000	958	682	344	656	582	315	151	620	298	233	244	132	126	87	105	69	88	152	142	109	84	72	77	45	17	40	35	11	41	60	38	9	48	53	15
64	170	2	2	119	0	1953125	12	0.0	0	0.64	0	0	V0.2	0	0	22	25	23	20	25	27	23	22	30	31	26	27	35	36	27	29	39	38	33	40	55	53	41	53	67	74	70	88	107	131	113	134	127	118	148	99	186	169	168	229	206	260	238	355	523	428	443	486	689	831	785	1000	823	777	635	749	590	465	561	298	342	254	177	92	98	152	163	111	76	112	109	81	60	90	94	52	36	68	67	35	34	65	59	26	40
64	170	2	2	119	0	1953125	12	0.0	0	0.47	0	0	V0.2	0	0	1	3	7	8	7	4	1	3	7	11	11	10	6	3	1	5	11	13	8	5	6	9	13	16	13	29	28	34	35	38	24	55	101	80	114	102	84	51	28	119	207	320	348	291	181	152	317	394	414	350	177	95	180	749	1000	595	784	331	302	156	270	243	246	126	35	64	56	46	14	41	61	57	23	29	33	17	7	22	26	24	20	16	7	6	16
64	170	2	2	119	0	1953125	12	0.0	0	0.75	0	0	V0.2	0	0	254	256	274	258	258	270	251	263	283	257	258	276	252	261	269	251	264	261	230	269	258	210	284	270	162	229	271	160	277	323	215	232	238	270	191	196	238	433	268	202	340	388	328	550	577	176	648	855	667	419	512	863	1000	617	941	901	222	539	885	769	626	196	536	393	166	293	182	174	242	217	143	260	216	185	236	201	192	252	222	195	233	196	168	206	180
64	170	2	2	119	0	1953125	12	0.0	0	0.75	0	0	V0.2	0	0	254	256	274	258	258	270	251	263	283	257	258	276	252	261	269	251	264	261	230	269	258	210	284	270	162	229	271	160	277	323	215	232	238	270	191	196	238	433	268	202	340	388	328	550	577	176	648	855	667	419	512	863	1000	617	941	901	222	539	885	769	626	196	536	393	166	293	182	174	242	217	143	260	216	185	236	201	192	252	222	195	233	196	168	206	180
64	170	2	2	119	0	1953125	12	0.0	0	0.69	0	0	V0.2	0	0	181	156	163	183	162	147	174	170	150	172	179	146	161	187	160	153	186	180	144	181	198	152	170	221	161	112	213	209	149	203	240	200	99	233	282	102	265	432	186	218	264	338	106	302	247	258	38	496	363	250	174	108	32	764	1000	824	505	951	638	222	557	476	216	49	252	184	65	190	260	172	62	197	184	94	110	168	124	94	159	152	90	130	154	103	115
64	170	2	2	119	0	1953125	12	0.0	0	0.69	0	0	V0.2	0	0	36	18	19	34	20	14	32	22	3	19	16	10	20	12	15	15	9	34	30	11	35	28	20	50	44	25	55	80	33	47	93	32	70	87	79	186	230	175	104	160	68	106	296	426	287	194	369	784	424	213	405	1000	716	428	352	326	650	989	644	758	477	320	469	457	189	59	93	134	130	96	102	67	24	47	40	6	27	33	27	31	21	33	47	31	20
64	170	2	2	119	0	1953125	12	0.0	0	0.75	0	0	V0.2	0	0	36	18	19	34	20	14	32	22	3	19	16	10	20	12	15	15	9	34	30	11	35	28	20	50	44	25	55	80	33	47	93	32	70	87	79	186	230	175	104	160	68	106	296	426	287	194	369	784	424	213	405	1000	716	428	352	326	650	989	644	758	477	320	469	457	189	59	93	134	130	96	102	67	24	47	40	6	27	33	27	31	21	33	47	31	20
64	170	2	2	119	0	1953125	12	0.0	0	0.69	0	0	V0.2	0	0	27	24	7	19	29	18	6	28	31	15	15	33	27	5	28	39	26	19	39	37	14	35	55	46	21	53	65	43	32	55	58	44	64	111	150	117	129	111	130	142	142	189	112	27	108	238	358	417	287	239	225	392	622	1000	779	307	326	699	535	251	148	131	126	84	34	75	95	71	38	67	67	35	39	71	62	23	38	58	42	11	42	49	20	25	51
64	170	2	2	119	0	1953125	12	0.0	0	0.69	0	0	V0.2	0	0	206	173	183	213	186	168	208	202	165	195	213	170	175	219	187	156	218	226	154	187	239	183	139	244	238	94	218	297	173	150	256	254	108	195	274	225	97	388	357	48	296	380	386	52	227	368	210	357	491	596	387	360	737	910	895	936	591	917	1000	396	127	436	383	48	270	269	194	104	240	283	145	152	253	215	99	179	230	149	125	210	182	111	173	191	119
64	170	2	2	119	0	1953125	12	0.0	0	0.68	0	0	V0.2	0	0	233	223	207	227	230	207	220	234	208	201	232	220	192	224	230	188	209	243	204	177	230	227	146	215	260	164	162	260	256	145	192	354	222	66	367	420	158	165	475	369	157	423	536	451	554	611	384	155	367	366	199	310	283	316	182	774	1000	560	332	898	497	483	605	377	64	222	299	217	153	208	252	160	103	208	194	110	163	185	121	132	179	140	103	159	155
64	170	2	2	119	0	1953125	12	0.0	0	0.69	0	0	V0.2	0	0	11	28	21	4	26	31	11	22	39	26	9	40	40	12	31	49	32	19	51	56	30	42	60	38	18	43	61	23	67	92	74	62	52	97	52	37	157	290	168	104	111	300	161	284	326	317	674	959	1000	603	785	874	952	973	851	523	576	172	125	285	129	163	186	7	140	109	56	18	117	84	31	77	81	37	35	57	36	9	49	59	21	37	54	33	10
64	170	2	2	119	0	1953125	12	0.0	0	0.65	0	0	V0.2	0	0	19	10	15	23	20	13	21	24	17	16	27	28	16	21	33	30	18	28	33	26	21	43	51	41	28	52	52	55	52	61	88	86	95	116	64	33	73	17	17	80	165	297	247	316	353	475	315	291	344	417	488	540	223	309	245	424	474	1000	783	383	525	468	410	236	187	133	107	66	101	121	100	55	73	93	79	43	58	73	51	26	48	56	32	21	47
64	170	2	2	119	0	1953125	12	0.0	0	0.62	0	0	V0.2	0	0	20	31	34	26	23	34	36	26	24	40	43	34	32	45	53	40	34	49	60	52	40	57	68	72	52	61	86	101	88	84	96	112	111	88	88	44	121	193	265	356	465	314	513	398	593	368	507	500	585	444	483	905	426	416	415	930	592	1000	666	720	247	336	188	108	97	199	135	139	58	121	151	141	75	79	109	95	47	48	79	77	34	34	61	60	22
64	170	2	2	119	0	1953125	12	0.0	7380	2.29	0	0	V0.2	0	0	29	21	37	50	28	19	34	35	28	4	25	45	15	13	33	34	27	23	41	55	16	20	44	94	23	27	81	55	82	52	62	216	103	56	163	313	80	295	194	449	310	319	308	246	255	316	398	81	401	416	111	285	1000	425	997	321	520	229	380	158	644	543	204	379	288	229	136	82	93	80	71	8	37	46	40	11	18	33	38	31	9	19	36	25	14
64	170	2	2	119	0	1953125	12	0.0	0	0.52	0	0	V0.2	0	0	16	5	0	7	4	5	8	8	9	16	7	11	3	16	18	24	8	13	6	13	21	11	25	20	26	37	43	51	69	43	16	51	16	47	146	50	107	142	178	65	253	481	134	193	235	263	282	387	510	414	668	482	853	1000	745	971	861	215	358	99	432	28	301	144	47	35	71	75	73	42	39	49	23	18	26	31	43	4	30	8	22	35	5	28	17
64	170	2	2	119	0	1953125	12	0.0	0	0.47	0	0	V0.2	0	0	15	16	15	11	8	10	15	20	21	18	13	9	10	17	22	24	21	15	13	14	20	26	28	29	31	23	17	8	22	53	38	49	65	64	127	89	198	239	200	285	175	276	215	264	318	214	418	240	494	643	450	886	882	996	806	1000	990	631	748	730	474	369	316	104	58	70	58	33	55	65	66	63	47	25	12	35	48	55	49	37	21	3	14	29	37
64	170	2	2	119	0	1953125	12	0.0	0	0.45	0	0	V0.2	0	0	16	18	17	13	10	7	11	17	21	23	21	17	12	11	17	25	33	35	36	30	24	25	31	39	51	56	65	55	53	30	43	34	65	129	89	211	176	236	302	212	384	315	328	359	349	350	322	562	344	592	745	771	1000	463	822	803	524	677	579	518	437	369	281	145	103	59	54	42	56	81	86	91	84	70	50	27	18	28	40	49	48	42	29	12	8
64	170	2	2	119	0	1953125	12	0.0	199	1.05	0	0	V0.2	0	0	47	43	51	26	66	21	51	14	69	24	43	45	41	41	36	67	19	49	55	52	64	42	87	19	118	35	91	73	180	95	137	115	163	153	214	254	184	171	270	345	212	72	128	336	360	347	72	343	406	572	141	402	518	727	577	637	1000	801	509	378	418	568	291	336	256	279	123	155	139	98	97	84	112	41	121	45	77	51	92	31	61	58	48	46	52
64	170	2	2	119	0	1953125	12	0.0	0	0.41	0	0	V0.2	0	0	4	8	10	12	16	17	18	16	15	14	13	10	13	16	19	24	28	30	30	29	29	25	27	25	18	23	40	41	71	76	117	111	149	47	108	39	89	139	194	143	197	209	229	205	162	432	217	583	453	698	494	659	684	558	847	946	1000	639	602	610	382	417	302	321	289	149	198	108	97	96	69	65	39	21	27	29	47	50	58	55	54	52	45	35	29
64	170	2	2	119	0	1953125	12	0.0	249	1.06	0	0	V0.2	0	0	28	48	34	74	33	40	43	38	59	27	43	27	71	34	16	71	42	35	36	86	18	37	77	60	78	21	80	67	153	85	110	166	186	151	182	308	211	161	135	97	171	191	258	263	185	467	410	474	605	759	539	422	467	622	440	643	1000	724	548	696	723	630	263	277	334	263	120	118	172	34	150	67	80	78	126	21	21	88	55	46	54	60	14	68	55
64	170	2	2	119	0	1953125	12	0.0	0	0.99	0	0	V0.2	0	0	363	326	377	329	394	315	397	319	415	304	404	307	413	304	393	298	396	311	364	304	354	344	323	321	317	383	277	405	206	466	182	495	46	632	165	600	172	632	434	371	562	375	493	343	706	251	843	329	656	531	973	609	465	878	1000	601	780	780	972	774	391	631	357	667	128	546	88	494	251	408	270	372	366	260	348	263	393	185	353	210	376	178	331	184	353
64	170	2	2	119	0	1953125	12	0.0	0	1.00	0	0	V0.2	0	0	843	855	863	868	865	870	879	883	872	876	874	872	865	857	856	849	835	825	822	813	798	790	788	779	763	778	773	764	753	775	768	762	775	806	796	776	792	812	756	865	784	839	783	840	831	726	844	832	539	791	870	611	599	821	819	400	1000	370	786	617	563	702	690	643	616	651	714	626	668	663	703	679	659	676	697	683	667	666	678	681	649	636	643	642	610
64	170	2	2	119	0	1953125	12	0.0	0	1.00	0	0	V0.2	0	0	83	44	76	28	73	33	71	19	58	4	70	11	48	29	65	25	41	60	64	41	34	79	49	76	15	108	35	133	30	158	34	231	126	280	168	367	248	325	164	336	308	337	246	258	331	263	409	406	561	524	691	529	584	672	1000	842	987	582	849	700	642	493	466	376	340	305	224	252	168	200	118	168	90	134	80	123	69	110	72	98	67	91	67	81	68
