34928	35048	35167	35286	35405	35524	35644	35763	35882	36001	36120	36240	36359	36478	36597	36716	36836	36955	37074	37193	37313	37432	37551	37670	37789	37909	38028	38147	38266	38385	38505	38624	38743	38862	38981	39101	39220	39339	39458	39577	39697	39816	39935	40054	40174	40293	40412	40531	40650	40770	40889	41008	41127	41246	41366	41485	41604	41723	41842	41962	42081	42200	42319	42439	42558	42677	42796	42915	43035	43154	43273	43392	43511	43631	43750	43869	43988	44107	44227	44346	44465	44584	44703	44823	44942
64	170	1	2	119	0	1953125	12	0.0	0	0.95	0	0	V0.2	0	0	239	216	241	222	238	229	239	239	233	239	225	249	216	250	202	256	187	262	171	258	160	259	155	269	137	273	144	274	187	246	232	228	280	212	332	184	332	111	390	49	405	92	345	412	511	591	695	582	414	491	103	407	90	402	424	789	690	1000	626	863	379	534	263	273	291	181	337	88	346	39	346	59	328	110	290	157	260	187	216	206	180	218	151	220	127
64	170	1	2	119	0	1953125	12	0.0	0	0.95	0	0	V0.2	0	0	58	14	55	12	56	22	43	27	36	27	33	34	32	31	39	36	41	34	45	46	48	59	45	78	49	100	39	110	20	134	63	162	126	168	190	166	158	109	216	142	237	139	264	428	357	455	464	457	406	407	283	212	228	222	632	665	1000	907	860	587	441	281	262	219	186	248	147	204	137	175	154	131	149	114	150	79	119	73	99	68	85	75	65	68	59
64	170	1	2	119	0	1953125	12	0.0	0	0.95	0	0	V0.2	0	0	228	189	236	198	233	200	232	211	231	218	218	222	208	233	194	237	173	245	161	250	137	254	127	266	118	266	122	258	169	240	206	234	252	221	323	209	311	107	395	39	356	119	417	389	455	473	597	453	376	385	269	407	140	471	505	767	715	1000	481	631	211	441	212	256	259	184	317	89	332	29	324	53	302	108	263	144	239	172	200	188	167	197	143	207	115
64	170	1	2	119	0	1953125	12	0.0	0	0.95	0	0	V0.2	0	0	228	189	236	198	233	200	232	211	231	218	218	222	208	233	194	237	173	245	161	250	137	254	127	266	118	266	122	258	169	240	206	234	252	221	323	209	311	107	395	39	356	119	417	389	455	473	597	453	376	385	269	407	140	471	505	767	715	1000	481	631	211	441	212	256	259	184	317	89	332	29	324	53	302	108	263	144	239	172	200	188	167	197	143	207	115
64	170	1	2	119	0	1953125	12	0.0	249	1.06	0	0	V0.2	0	0	100	26	92	29	85	43	73	52	46	77	37	72	27	84	37	56	65	43	74	21	116	34	122	62	130	88	121	115	77	167	46	226	85	267	130	376	213	339	307	457	339	503	600	889	817	853	907	838	656	535	419	464	228	491	687	499	778	796	1000	804	748	643	622	450	370	257	295	155	262	162	241	111	211	80	131	50	104	45	71	79	65	76	70	71	47
64	170	1	2	119	0	1953125	12	0.0	6114	2.07	0	0	V0.2	0	0	31	29	34	34	26	30	29	27	27	23	19	21	19	15	11	16	19	23	29	35	31	32	31	55	49	67	54	27	71	26	62	104	100	179	88	165	81	111	155	102	140	325	562	152	456	172	445	478	30	291	460	95	179	651	763	144	870	95	1000	717	485	548	250	445	204	168	135	46	87	61	49	23	31	50	6	24	12	34	12	18	7	16	4	19	3
64	170	2	2	119	0	1953125	12	0.0	264	1.06	0	0	V0.2	0	0	204	194	179	191	187	164	143	144	136	108	92	92	84	67	67	80	97	91	110	141	151	170	163	201	228	224	206	259	281	244	254	303	292	271	311	257	290	277	303	197	406	247	134	412	179	386	199	200	152	379	260	188	493	473	427	1000	153	333	191	271	307	317	193	186	259	202	232	199	202	233	193	168	161	195	157	121	128	133	131	86	54	72	82	41	3
64	170	2	2	119	0	1953125	12	0.0	176	1.05	0	0	V0.2	0	0	73	26	71	27	67	26	65	22	62	26	52	31	41	41	31	49	23	56	9	64	5	75	20	75	24	102	38	110	10	130	42	137	44	179	88	241	102	127	24	157	57	126	82	320	272	291	246	449	424	537	409	416	489	726	657	761	1000	701	671	556	572	405	363	273	349	240	262	150	212	109	164	103	171	99	132	81	120	66	94	63	82	45	72	56	63
64	170	2	2	119	0	1953125	12	0.0	7615	2.33	0	0	V0.2	0	0	73	70	51	67	79	68	45	56	56	65	41	40	51	51	29	33	53	50	37	57	75	70	57	66	78	119	135	142	113	101	171	142	140	232	96	208	349	237	135	155	105	453	369	271	213	413	376	390	267	236	305	501	595	225	570	151	934	1000	725	649	561	264	337	249	288	215	149	54	48	111	58	23	30	27	55	12	31	9	24	12	34	25	13	16	48
64	170	2	2	119	0	1953125	12	0.0	7740	2.35	0	0	V0.2	0	0	71	158	93	135	87	111	112	110	87	75	101	45	99	25	127	17	76	82	84	86	72	136	83	175	88	283	40	286	37	234	142	204	216	281	311	496	86	214	230	322	57	104	412	723	586	738	798	555	486	806	856	720	797	783	413	498	144	439	600	846	1000	569	629	264	139	192	159	94	120	149	132	135	24	177	101	117	77	208	45	101	11	67	54	89	72
64	170	2	2	119	0	1953125	12	0.0	7893	2.37	0	0	V0.2	0	0	64	93	34	67	48	72	54	20	62	54	35	19	53	43	7	36	32	53	47	49	43	94	49	79	60	97	66	85	94	170	46	164	18	175	341	302	450	397	124	141	78	58	260	333	304	307	175	222	301	502	669	820	1000	954	741	724	477	516	437	488	497	259	245	115	92	173	138	125	129	87	83	101	28	100	2	131	52	105	32	61	5	46	4	15	23
64	170	2	2	119	0	1953125	12	0.0	7633	2.33	0	0	V0.2	0	0	60	45	60	25	48	51	40	22	29	38	33	13	21	25	29	12	16	47	38	38	53	37	71	22	52	56	90	35	59	80	79	69	62	78	212	137	146	183	35	161	132	46	127	232	273	313	366	218	151	385	768	1000	966	950	725	391	237	44	127	90	7	91	110	9	115	51	86	108	47	42	93	24	76	59	29	48	30	45	8	20	29	46	20	28	18
64	170	2	2	119	0	1953125	12	0.0	0	0.95	0	0	V0.2	0	0	456	449	416	385	359	371	373	314	263	229	208	207	173	134	126	166	177	189	223	277	330	385	396	416	425	515	535	537	596	582	616	698	692	630	665	656	761	618	548	683	679	685	569	630	678	871	572	324	580	609	588	653	466	230	1000	593	629	645	564	641	698	544	535	431	567	564	526	454	427	427	466	451	375	344	315	314	350	282	255	195	133	192	170	142	54
64	170	2	2	119	0	1953125	12	0.0	0	0.95	0	0	V0.2	0	0	167	162	160	193	175	191	144	192	158	218	146	196	127	213	152	206	124	184	146	198	153	165	150	163	196	151	181	107	229	106	255	40	249	17	324	165	225	97	370	283	168	259	126	284	221	638	277	148	195	622	591	258	181	851	1000	434	338	950	759	179	54	342	457	87	198	72	340	145	207	129	207	194	164	210	96	202	100	231	76	195	57	197	92	188	93
64	170	2	2	119	0	1953125	12	0.0	7899	2.38	0	0	V0.2	0	0	17	30	28	14	11	22	21	23	8	14	21	14	5	21	17	8	15	22	25	5	12	36	43	20	4	21	58	23	40	52	24	55	63	68	76	56	102	92	71	290	184	139	147	205	256	482	184	75	350	225	182	407	216	336	861	1000	972	432	315	511	171	59	71	73	156	23	45	54	89	34	46	29	46	49	8	29	39	35	24	21	23	30	22	19	25
64	170	2	2	119	0	1953125	12	0.0	7546	2.31	0	0	V0.2	0	0	78	18	90	38	62	25	76	47	44	35	45	36	36	23	53	44	31	28	51	32	40	29	100	77	65	124	69	52	111	15	154	96	148	148	153	282	224	384	222	150	33	369	464	509	512	258	318	321	466	487	402	550	901	1000	937	807	438	314	323	416	407	152	71	78	184	69	45	38	131	92	38	54	123	38	72	41	105	88	16	26	54	55	25	54	60
64	170	2	2	119	0	1953125	12	0.0	7870	2.37	0	0	V0.2	0	0	134	14	60	101	107	57	13	112	82	64	42	62	84	79	66	61	100	27	29	151	140	36	31	158	97	137	123	262	90	185	128	266	67	262	185	313	232	170	96	225	58	530	646	662	545	163	407	514	786	990	707	486	288	402	578	567	766	1000	836	495	455	691	589	265	176	354	310	62	45	212	173	72	40	136	166	135	56	75	85	100	80	79	88	70	80
64	170	2	2	119	0	1953125	12	0.0	0	0.97	0	0	V0.2	0	0	491	511	516	528	472	424	372	385	376	286	229	207	229	215	161	169	235	257	296	310	392	459	513	500	547	607	680	651	667	715	766	761	781	717	685	817	828	700	900	650	931	666	912	515	653	819	831	592	480	936	684	466	286	857	594	1000	665	607	811	900	653	551	536	651	655	663	519	526	554	577	556	467	417	422	467	427	351	286	265	290	277	172	104	115	145
64	170	2	2	119	0	1953125	12	0.0	0	0.95	0	0	V0.2	0	0	216	182	232	178	236	177	234	185	242	180	231	186	228	196	214	193	203	209	181	222	158	218	154	251	115	250	97	275	90	277	105	316	175	295	252	214	266	243	274	299	473	136	468	104	386	246	605	348	589	435	701	917	493	488	314	938	999	886	203	381	35	346	72	304	155	294	206	257	270	139	247	130	284	84	264	74	260	102	236	121	210	130	200	159	159
64	170	2	2	119	0	1953125	12	0.0	0	0.95	0	0	V0.2	0	0	202	172	209	171	214	170	217	177	215	172	215	176	212	176	202	181	193	189	178	192	162	206	145	215	126	228	109	257	76	247	110	280	151	239	175	272	230	293	350	255	375	118	335	66	404	168	488	313	523	332	303	425	470	803	240	132	840	1000	580	477	113	367	88	340	112	280	167	251	219	179	241	124	243	96	247	70	236	79	227	98	199	105	189	127	161
64	170	2	2	119	0	1953125	12	0.0	0	0.95	0	0	V0.2	0	0	65	15	58	11	66	28	48	20	43	27	39	38	32	20	46	40	33	25	57	55	45	63	69	95	46	142	74	147	54	146	147	162	215	74	146	171	434	411	338	82	419	543	581	605	224	270	539	754	650	386	260	144	596	810	1000	863	598	685	664	494	49	248	223	347	241	207	259	178	200	116	198	140	130	136	113	122	51	105	64	79	48	76	67	47	60
64	170	2	2	119	0	1953125	12	0.0	0	0.96	0	0	V0.2	0	0	228	218	228	217	247	215	243	214	246	215	248	210	242	204	242	205	236	188	227	193	233	175	235	153	236	191	229	135	258	234	192	208	247	315	152	303	164	379	206	539	71	401	115	620	378	268	232	586	593	39	147	461	574	343	1000	692	830	184	595	403	483	203	240	159	323	316	163	233	191	317	86	266	108	270	112	251	133	234	140	216	155	200	148	190	156
64	170	2	2	119	0	1953125	12	0.0	0	0.95	0	0	V0.2	0	0	36	50	27	56	18	49	9	49	8	46	17	35	16	41	22	39	21	55	27	54	33	69	56	82	95	26	75	53	172	83	134	88	153	175	157	208	91	278	258	379	223	176	150	417	430	391	385	373	595	336	161	180	323	397	650	909	1000	486	268	563	539	386	293	87	324	254	198	112	164	212	122	161	99	137	64	104	103	74	73	65	94	42	58	53	60
64	170	2	2	119	0	1953125	12	0.0	0	0.96	0	0	V0.2	0	0	259	220	258	238	266	246	249	247	256	266	239	251	235	261	238	256	213	244	220	266	196	231	203	255	190	268	147	271	175	297	187	298	219	297	388	127	310	262	432	127	334	178	611	323	514	450	452	301	532	448	137	435	212	448	578	898	434	830	660	1000	530	360	214	338	361	211	354	105	345	53	352	97	307	121	293	183	239	192	215	208	192	213	166	209	157
64	170	2	2	119	0	1953125	12	0.0	0	0.95	0	0	V0.2	0	0	75	40	70	13	63	22	78	18	55	18	67	29	45	37	60	20	77	42	65	24	122	77	79	62	96	102	109	156	114	202	47	181	97	326	349	417	342	227	475	576	605	339	88	160	458	889	717	625	261	336	402	755	657	875	999	951	838	641	682	754	668	546	451	285	215	316	275	327	117	274	217	244	148	153	164	120	145	108	156	66	119	88	106	69	91
64	170	2	2	119	0	1953125	12	0.0	0	0.94	0	0	V0.2	0	0	50	6	44	8	48	21	39	28	32	27	33	41	30	36	39	43	38	52	46	64	33	71	34	96	48	119	76	90	94	53	94	135	242	151	164	32	179	261	312	304	118	44	225	485	503	499	163	170	502	446	601	476	239	64	570	940	1000	684	461	469	292	181	80	203	246	151	178	124	170	101	141	130	109	105	91	127	71	95	67	84	61	73	76	60	59
64	170	2	2	119	0	1953125	12	0.0	7718	2.34	0	0	V0.2	0	0	22	20	18	19	18	18	14	24	6	13	11	14	8	7	14	12	9	13	20	17	15	17	27	11	37	22	50	60	32	37	21	69	60	49	62	185	80	155	142	53	191	74	58	150	168	304	154	138	173	222	113	239	164	426	327	385	1000	712	407	185	239	188	166	53	52	35	29	79	24	32	25	42	26	40	22	15	12	22	15	8	12	13	9	1	6
64	170	2	2	119	0	1953125	12	0.0	7516	2.31	0	0	V0.2	0	0	59	74	91	53	64	56	75	36	62	23	55	30	34	43	44	31	19	49	15	100	34	110	50	125	84	141	165	45	75	103	175	44	190	255	201	421	282	176	69	344	409	273	163	298	542	563	548	78	468	742	1000	953	471	327	627	782	721	773	485	439	247	77	17	261	177	168	134	100	98	81	61	112	90	81	85	69	84	40	65	32	49	33	51	26	28
64	170	2	2	119	0	1953125	12	0.0	7462	2.30	0	0	V0.2	0	0	80	61	97	25	62	55	91	30	29	56	76	16	10	59	68	14	36	80	53	24	58	132	81	32	60	141	135	54	80	120	176	113	77	87	230	212	72	147	299	288	185	377	670	596	413	199	248	317	354	449	490	530	134	461	792	1000	619	159	407	828	685	391	79	336	308	166	40	226	200	33	3	163	121	52	43	133	87	53	39	62	66	84	55	37	29
64	170	2	2	119	0	1953125	12	0.0	7381	2.29	0	0	V0.2	0	0	98	78	31	72	87	75	28	53	92	45	18	28	71	28	14	55	83	24	9	102	75	74	42	152	118	118	109	181	172	130	180	238	295	47	56	199	161	245	335	220	239	206	364	483	631	330	293	43	267	194	291	80	271	355	552	450	468	647	999	962	644	420	135	258	161	208	163	147	40	74	158	137	47	20	127	146	77	53	71	57	72	33	26	50	91
64	170	2	2	119	0	1953125	12	0.0	0	0.95	0	0	V0.2	0	0	61	18	44	12	51	35	33	29	29	24	33	41	14	20	41	36	27	35	43	41	48	70	46	76	48	116	6	105	73	155	93	127	144	78	167	237	370	128	253	361	476	321	125	224	268	342	374	758	689	365	252	782	866	505	278	608	1000	571	242	535	753	661	220	96	253	292	82	166	189	169	91	114	178	91	71	62	119	51	70	72	61	31	57	71	39
64	170	2	2	119	0	1953125	12	0.0	0	0.95	0	0	V0.2	0	0	61	18	44	12	51	35	33	29	29	24	33	41	14	20	41	36	27	35	43	41	48	70	46	76	48	116	6	105	73	155	93	127	144	78	167	237	370	128	253	361	476	321	125	224	268	342	374	758	689	365	252	782	866	505	278	608	1000	571	242	535	753	661	220	96	253	292	82	166	189	169	91	114	178	91	71	62	119	51	70	72	61	31	57	71	39
64	170	2	2	119	0	1953125	12	0.0	7708	2.34	0	0	V0.2	0	0	54	50	32	27	46	45	27	9	27	45	22	15	32	39	5	20	50	38	15	39	71	60	18	40	104	42	4	12	92	67	62	38	80	132	86	48	184	197	154	181	172	201	310	178	174	373	239	78	469	338	224	340	582	711	424	538	1000	424	222	706	105	4	244	207	22	55	107	89	99	22	87	101	43	15	32	64	59	17	11	48	46	31	10	35	40
64	170	2	2	119	0	1953125	12	0.0	0	0.53	0	0	V0.2	0	0	19	14	2	21	17	11	17	12	10	23	21	19	13	17	16	18	23	37	12	28	25	30	17	15	39	24	38	13	22	27	52	85	64	83	43	35	40	46	5	133	93	83	80	53	16	101	308	221	201	261	416	577	574	1000	452	179	189	448	496	368	399	292	91	159	99	77	86	79	70	62	60	59	49	55	40	50	19	46	39	43	24	46	26	27	17
64	170	2	2	119	0	1953125	12	0.0	0	0.53	0	0	V0.2	0	0	19	14	2	21	17	11	17	12	10	23	21	19	13	17	16	18	23	37	12	28	25	30	17	15	39	24	38	13	22	27	52	85	64	83	43	35	40	46	5	133	93	83	80	53	16	101	308	221	201	261	416	577	574	1000	452	179	189	448	496	368	399	292	91	159	99	77	86	79	70	62	60	59	49	55	40	50	19	46	39	43	24	46	26	27	17
64	170	2	2	119	0	1953125	12	0.0	146	1.04	0	0	V0.2	0	0	77	129	71	86	122	79	116	72	127	43	136	86	94	116	128	127	89	189	115	170	170	225	168	208	273	211	244	220	328	187	353	284	417	252	489	380	484	349	594	387	566	632	746	591	768	989	992	840	962	1000	892	625	765	788	608	874	814	667	626	840	479	452	349	576	313	364	311	404	197	296	240	281	136	248	180	167	150	192	128	115	163	132	102	115	136
64	170	2	2	119	0	1953125	12	0.0	149	1.05	0	0	V0.2	0	0	21	93	17	86	18	90	16	77	25	69	28	55	43	45	49	30	67	13	81	26	96	37	118	67	136	94	183	105	198	85	231	136	315	128	271	135	242	55	94	128	137	124	173	186	376	421	685	589	823	749	885	837	792	890	910	729	1000	865	847	751	584	676	514	478	347	376	215	190	120	172	101	119	122	136	94	95	102	105	75	74	82	68	55	60	67
64	170	2	2	119	0	1953125	12	0.0	196	1.05	0	0	V0.2	0	0	70	47	67	49	54	62	53	58	36	74	40	61	36	74	37	58	65	70	64	51	99	51	91	34	119	17	111	30	150	68	207	138	257	176	330	262	349	229	394	223	296	206	298	120	197	152	181	144	273	258	395	397	447	543	846	865	992	838	1000	964	851	650	645	478	497	349	372	240	304	169	201	108	192	84	142	76	139	67	116	77	98	57	86	68	68
64	170	2	2	119	0	1953125	12	0.0	224	1.06	0	0	V0.2	0	0	70	49	61	51	50	61	44	58	27	70	29	56	24	65	30	48	60	56	63	38	97	36	88	16	118	1	114	38	143	58	193	160	286	221	361	302	417	293	476	282	374	197	286	129	186	46	240	291	380	466	540	516	560	645	888	756	1000	782	825	700	719	592	610	431	440	330	371	205	254	148	184	74	139	50	110	32	110	44	89	46	81	40	58	46	49
64	170	2	2	119	0	1953125	12	0.0	0	1.00	0	0	V0.2	0	0	50	53	38	52	33	61	15	50	11	55	8	38	7	44	13	34	12	48	6	42	29	68	18	82	17	123	24	125	64	134	125	128	175	153	215	105	204	104	250	101	223	229	373	321	326	296	194	299	289	424	418	508	544	682	924	805	1000	717	761	581	511	418	293	270	134	211	126	159	110	75	80	58	69	59	78	52	81	38	88	36	72	39	66	46	47
