34928	35048	35167	35286	35405	35524	35644	35763	35882	36001	36120	36240	36359	36478	36597	36716	36836	36955	37074	37193	37313	37432	37551	37670	37789	37909	38028	38147	38266	38385	38505	38624	38743	38862	38981	39101	39220	39339	39458	39577	39697	39816	39935	40054	40174	40293	40412	40531	40650	40770	40889	41008	41127	41246	41366	41485	41604	41723	41842	41962	42081	42200	42319	42439	42558	42677	42796	42915	43035	43154	43273	43392	43511	43631	43750	43869	43988	44107	44227	44346	44465	44584	44703	44823	44942
64	170	1	2	119	0	1953125	12	0.0	0	0.95	0	0	V0.2	0	0	197	236	201	235	201	237	210	238	212	230	215	228	224	215	225	200	238	189	239	161	250	150	256	130	260	123	272	138	250	169	233	215	230	259	171	315	159	359	38	401	8	395	184	372	306	431	433	353	355	182	390	78	445	356	836	636	1000	651	834	398	495	267	346	247	195	289	90	313	33	311	76	287	130	255	173	211	199	181	217	145	220	120	225	102	216
64	170	1	2	119	0	1953125	12	0.0	0	0.95	0	0	V0.2	0	0	246	213	254	214	252	215	260	219	257	218	255	222	250	226	239	229	227	238	212	242	190	252	174	268	151	279	131	290	124	291	130	308	145	293	229	271	286	211	417	212	431	154	381	122	495	266	606	251	473	189	228	363	58	640	578	967	738	1000	568	727	268	508	80	360	117	307	198	222	252	157	291	103	300	79	293	87	277	116	252	138	225	158	203	176	172
64	170	1	2	119	0	1953125	12	0.0	0	0.95	0	0	V0.2	0	0	214	257	222	253	225	255	235	253	238	244	243	240	252	224	252	211	263	197	263	175	269	167	271	152	274	148	287	170	253	217	220	257	216	277	156	310	134	390	52	422	38	362	258	350	366	429	493	376	367	151	419	186	525	516	933	692	999	687	809	400	503	254	303	261	152	307	66	327	55	318	110	293	162	254	207	208	228	178	242	143	244	121	244	112	231
64	170	1	2	119	0	1953125	12	0.0	0	0.95	0	0	V0.2	0	0	196	232	194	235	192	242	192	247	189	244	189	247	190	237	190	231	199	219	204	198	218	183	233	157	240	139	264	113	267	113	263	107	308	111	281	173	204	256	158	283	214	354	63	542	188	586	257	470	158	379	270	206	562	386	948	619	1000	669	797	455	528	174	361	45	290	142	247	222	191	255	138	281	94	283	66	270	81	255	113	227	133	206	157	179	169
64	170	1	2	119	0	1953125	12	0.0	0	0.95	0	0	V0.2	0	0	273	235	285	230	288	228	297	231	296	223	299	227	299	226	285	226	281	240	258	250	238	263	215	279	194	294	175	323	123	343	116	350	100	375	156	369	205	377	301	357	329	239	481	156	659	248	689	148	536	261	442	701	555	924	852	988	1000	971	771	624	413	429	144	382	35	361	131	346	197	291	255	240	289	184	312	133	312	109	302	104	285	112	270	132	244
64	170	1	2	119	0	1953125	12	0.0	0	0.96	0	0	V0.2	0	0	214	254	215	252	226	258	226	251	234	249	245	236	241	230	249	221	244	209	244	208	243	192	230	201	234	195	228	176	241	201	213	221	212	204	262	206	261	189	276	239	296	69	520	281	484	228	403	122	341	232	252	549	276	770	693	1000	773	885	495	617	222	401	49	333	48	331	111	298	175	263	214	224	227	186	246	164	229	163	232	149	225	141	219	133	208
64	170	1	2	119	0	1953125	12	0.0	109	1.04	0	0	V0.2	0	0	69	17	59	12	55	29	49	24	24	45	30	31	15	55	23	33	43	44	35	10	68	16	63	43	104	25	101	60	107	74	121	61	106	55	49	97	131	152	82	196	112	101	148	55	158	165	100	268	220	195	286	759	828	815	464	727	1000	998	608	516	511	560	369	366	231	291	128	205	111	174	93	170	87	136	86	119	58	88	71	73	65	68	72	59	72
64	170	1	2	119	0	1953125	12	0.0	109	1.04	0	0	V0.2	0	0	44	26	39	37	36	27	22	42	24	28	3	46	16	26	27	45	17	17	52	35	39	17	83	27	75	36	112	17	85	28	105	7	114	54	136	70	220	118	124	56	164	84	113	102	59	60	35	198	283	297	504	555	566	520	708	869	1000	640	435	434	624	451	236	166	244	199	103	114	183	137	84	105	149	91	75	82	93	39	76	73	57	23	77	67	42
64	170	1	2	119	0	1953125	12	0.0	6260	2.09	0	0	V0.2	0	0	43	49	37	34	37	42	35	27	32	43	24	17	34	39	18	12	39	40	21	20	58	39	23	31	73	70	71	44	69	116	74	112	83	253	187	240	323	40	99	176	66	158	29	48	93	160	183	410	275	262	379	286	193	855	1000	215	576	418	890	855	487	408	263	447	150	104	227	35	37	26	113	38	16	13	60	21	11	27	14	20	20	27	10	13	9
64	170	1	2	119	0	1953125	12	0.0	84	1.03	0	0	V0.2	0	0	427	430	372	361	370	337	306	256	297	239	203	166	163	173	125	154	203	202	204	279	313	346	349	395	443	439	473	472	555	526	580	601	514	670	492	526	759	471	674	592	768	467	615	635	361	738	241	616	689	274	837	826	503	105	193	1000	660	226	391	897	299	340	666	601	518	459	535	461	558	379	416	402	409	339	306	280	317	247	213	163	130	165	92	54	44
64	170	1	2	119	0	1953125	12	0.0	0	0.35	0	0	V0.2	0	0	11	10	9	9	10	12	14	14	16	19	19	22	23	24	22	22	20	22	23	20	14	13	1	11	22	12	24	45	50	69	61	79	32	92	100	109	106	184	115	164	46	191	121	357	18	349	166	421	153	324	446	957	573	1000	454	383	336	703	387	586	293	207	85	101	95	121	72	54	56	57	37	9	13	10	15	4	12	9	12	11	11	10	11	7	6
64	170	1	2	119	0	1953125	12	0.0	0	0.42	0	0	V0.2	0	0	14	16	21	24	28	28	27	19	10	7	17	24	33	39	35	27	25	9	5	19	45	67	69	67	68	37	16	20	8	28	69	19	112	75	103	109	69	77	109	46	147	378	597	735	836	930	822	663	868	768	684	599	665	577	999	885	638	610	447	579	209	269	142	135	142	148	121	84	69	57	10	5	7	15	38	44	48	50	46	35	22	7	5	15	21
64	170	1	2	119	0	1953125	12	0.0	0	0.44	0	0	V0.2	0	0	20	15	7	1	10	18	24	24	22	17	7	5	15	23	30	31	30	23	15	11	29	42	51	60	52	38	14	2	2	15	41	21	70	49	50	52	53	148	183	276	344	287	449	506	439	550	579	637	460	464	302	163	201	146	178	516	992	999	850	678	566	343	215	181	204	159	156	148	117	95	55	43	37	36	42	46	44	40	36	26	17	12	15	21	25
64	170	2	2	119	0	1953125	12	0.0	0	0.46	0	0	V0.2	0	0	13	21	26	25	21	12	3	14	26	30	34	31	19	6	9	25	32	46	47	35	24	17	27	34	58	78	63	106	120	133	150	216	327	333	457	469	325	409	409	392	471	247	650	379	450	563	246	540	763	426	816	511	927	596	326	1000	396	806	701	382	543	458	178	237	260	174	286	165	192	108	77	55	42	65	79	87	75	54	27	11	32	42	47	39	28
64	170	2	2	119	0	1953125	12	0.0	0	0.49	0	0	V0.2	0	0	16	18	18	17	15	16	16	19	21	23	23	22	21	22	26	29	32	32	29	29	27	29	32	32	33	35	37	31	35	54	71	124	167	216	251	282	383	426	489	502	432	483	485	607	611	525	547	503	615	587	643	749	996	721	1000	566	680	417	372	335	233	139	150	100	123	51	59	67	70	69	66	71	51	32	18	29	40	48	46	36	17	6	19	30	35
64	170	2	2	119	0	1953125	12	0.0	0	0.53	0	0	V0.2	0	0	21	30	32	23	8	15	30	36	32	18	8	26	39	41	33	20	21	45	64	65	55	33	55	77	90	101	91	81	83	133	183	174	188	130	185	167	124	172	296	287	466	619	547	586	523	498	834	740	1000	540	901	560	636	292	516	535	518	319	313	170	248	344	166	166	111	106	199	159	147	79	32	54	87	91	67	25	21	46	53	49	27	5	30	44	43
64	170	2	2	119	0	1953125	12	0.0	0	0.56	0	0	V0.2	0	0	8	13	17	15	10	9	15	20	17	12	12	19	25	22	16	13	19	27	27	18	11	21	33	33	40	28	28	38	54	54	56	70	87	106	119	184	155	214	229	211	199	230	191	292	296	257	206	172	319	299	442	525	614	648	1000	521	805	509	474	336	226	79	65	56	49	68	60	54	14	17	35	54	45	29	23	28	37	33	23	16	25	32	30	22	17
64	170	2	2	119	0	1953125	12	0.0	0	0.60	0	0	V0.2	0	0	8	12	10	6	5	7	8	5	7	12	14	10	10	15	16	12	4	9	15	9	6	22	38	39	23	21	48	43	32	30	21	27	38	21	79	104	170	190	166	138	78	20	34	144	153	287	331	388	343	346	471	373	701	857	999	817	496	429	371	245	151	52	39	38	93	138	94	54	41	85	83	55	18	51	67	48	7	35	55	49	18	19	41	45	26
64	170	2	2	119	0	1953125	12	0.0	0	0.63	0	0	V0.2	0	0	19	21	13	11	21	20	13	17	26	24	15	20	30	26	13	20	32	27	12	20	32	24	1	21	41	42	17	31	54	24	28	36	44	48	55	77	55	80	122	164	249	278	140	327	323	274	274	194	209	340	317	346	474	990	1000	352	491	942	855	291	144	191	241	177	181	80	93	144	128	76	53	105	107	66	46	83	86	41	16	56	59	30	18	51	47
64	170	2	2	119	0	1953125	12	0.0	0	0.62	0	0	V0.2	0	0	8	5	15	17	8	6	15	15	9	9	19	21	14	10	20	21	14	8	20	20	10	4	20	27	19	3	22	12	23	21	24	55	106	65	58	65	68	141	150	124	104	74	74	102	27	126	192	354	298	473	527	483	408	344	542	1000	725	538	427	119	89	10	49	67	78	21	54	40	34	20	28	28	10	23	37	34	15	11	26	28	15	10	26	29	16
64	170	2	2	119	0	1953125	12	0.0	0	0.59	0	0	V0.2	0	0	16	12	0	12	19	18	5	12	21	22	10	9	24	27	18	8	26	32	25	12	26	44	39	18	19	47	32	19	23	48	62	42	67	54	41	95	219	303	294	215	226	194	89	21	176	242	182	215	297	338	543	561	746	1000	789	281	274	452	374	551	617	274	198	180	150	148	75	48	76	102	77	42	42	63	60	35	9	43	57	42	15	28	44	42	27
64	170	2	2	119	0	1953125	12	0.0	0	0.77	0	0	V0.2	0	0	27	14	23	32	13	17	30	18	10	21	18	17	19	25	29	14	17	30	21	34	45	25	35	46	18	29	34	34	42	52	33	103	55	110	240	254	194	244	298	200	218	281	231	234	315	526	440	112	105	746	968	651	429	555	473	1000	717	580	473	196	454	450	355	172	112	121	51	10	7	61	59	30	53	45	20	44	40	12	44	38	6	34	33	11	27
64	170	2	2	119	0	1953125	12	0.0	0	0.72	0	0	V0.2	0	0	238	218	242	237	212	234	236	206	229	243	207	221	242	210	224	251	209	222	261	225	209	258	243	200	256	211	154	237	241	116	220	344	172	176	173	141	322	558	334	28	415	690	439	419	386	172	328	616	662	402	806	702	449	346	920	604	427	409	352	723	1000	240	318	489	205	83	272	262	75	202	259	192	126	219	164	132	193	188	163	198	188	156	190	185	148
64	170	2	2	119	0	1953125	12	0.0	0	0.75	0	0	V0.2	0	0	27	26	6	22	24	6	18	19	6	22	20	8	19	19	10	19	16	14	14	18	36	34	28	40	51	29	59	75	68	40	53	59	79	7	76	41	46	163	310	273	348	152	135	298	243	248	12	187	412	604	1000	525	489	777	868	365	803	542	642	481	204	298	283	258	149	179	161	95	22	54	58	31	46	35	46	39	11	37	52	27	18	40	27	17	35
64	170	2	2	119	0	1953125	12	0.0	0	0.73	0	0	V0.2	0	0	23	35	21	13	29	18	8	27	25	6	23	24	10	22	23	15	27	26	14	19	23	4	17	12	33	46	30	96	114	49	30	153	166	79	166	137	133	313	492	499	305	131	128	412	437	565	167	88	473	783	1000	385	287	882	836	449	851	737	547	477	246	248	406	301	75	141	238	182	90	144	142	74	5	56	50	12	43	60	26	22	53	49	17	22	35
64	170	2	2	119	0	1953125	12	0.0	0	0.81	0	0	V0.2	0	0	27	4	23	23	6	26	11	19	30	10	19	24	14	16	14	27	22	14	38	29	29	43	27	28	30	18	30	16	69	82	13	87	161	139	118	133	75	165	305	231	118	102	32	154	351	340	177	160	314	410	291	129	523	846	1000	623	86	304	290	222	212	211	208	98	16	55	106	101	62	95	85	41	68	58	33	51	42	26	45	33	28	37	23	35	36
64	170	2	2	119	0	1953125	12	0.0	0	0.74	0	0	V0.2	0	0	18	37	28	10	31	26	2	27	30	12	16	22	19	20	18	24	30	13	22	32	13	24	47	33	22	70	51	34	94	111	61	113	174	151	162	205	202	256	431	339	191	127	107	208	247	399	197	59	211	376	288	162	516	816	999	696	799	553	321	154	117	32	163	113	92	143	143	127	40	69	86	31	28	39	17	28	27	12	31	37	16	25	28	8	28
64	170	2	2	119	0	1953125	12	0.0	0	0.88	0	0	V0.2	0	0	188	164	201	185	195	199	165	194	171	214	186	196	191	157	202	162	207	183	174	171	155	190	123	235	190	119	184	142	184	178	207	122	190	187	168	256	30	463	290	106	279	192	175	305	343	309	313	307	249	553	54	420	884	713	1000	355	958	939	981	545	244	534	353	178	310	127	267	76	196	175	99	198	153	213	94	166	138	130	186	137	181	109	137	115	139
64	170	2	2	119	0	1953125	12	0.0	0	0.75	0	0	V0.2	0	0	225	247	222	229	250	224	232	248	217	226	237	205	229	240	203	231	239	201	236	251	202	222	203	179	229	175	169	276	183	146	311	247	88	435	253	202	418	643	167	252	471	54	254	736	362	524	627	512	410	183	179	776	814	667	558	1000	626	672	645	281	478	523	180	350	471	274	96	237	174	145	182	174	150	191	158	211	222	153	186	199	139	172	192	141	166
64	170	2	2	119	0	1953125	12	0.0	0	0.75	0	0	V0.2	0	0	15	6	25	21	4	23	20	2	20	20	2	15	20	9	14	18	17	18	12	23	32	8	31	53	24	35	53	40	36	118	116	82	146	168	96	126	153	215	109	92	121	149	190	293	131	69	205	70	35	218	137	474	649	1000	845	687	323	612	722	684	433	241	326	305	278	299	193	77	103	134	101	59	76	67	16	27	30	12	32	36	17	27	31	20	19
64	170	2	2	119	0	1953125	12	0.0	0	0.72	0	0	V0.2	0	0	38	23	13	39	38	14	20	31	17	10	32	30	13	13	25	26	15	7	27	20	14	53	59	27	38	66	48	28	78	97	68	114	196	182	164	247	309	313	139	210	255	155	488	558	435	285	401	555	666	688	616	398	373	465	480	735	1000	187	179	497	616	408	182	165	134	86	71	164	94	32	53	100	84	3	53	64	31	25	57	45	1	42	54	25	15
64	170	2	2	119	0	1953125	12	0.0	0	0.73	0	0	V0.2	0	0	233	243	217	236	246	214	233	255	214	224	246	207	216	249	204	204	247	206	201	246	206	193	238	214	175	228	202	161	268	264	82	241	223	139	244	199	192	325	246	73	331	525	487	440	751	715	669	1000	917	894	388	186	603	352	752	900	981	915	509	395	876	467	217	353	383	252	52	144	119	141	237	184	137	212	152	167	242	195	168	238	194	156	210	186	143
64	170	2	2	119	0	1953125	12	0.0	0	0.70	0	0	V0.2	0	0	197	179	174	197	188	177	196	194	175	193	203	176	180	207	183	172	200	186	168	197	189	143	178	201	159	157	176	134	150	249	193	41	178	243	182	139	202	250	81	328	349	211	101	325	173	399	756	717	594	1000	546	162	281	203	291	235	398	375	347	522	583	321	245	329	283	19	260	304	100	161	241	162	89	191	164	83	140	156	111	120	141	114	119	139	112
64	170	2	2	119	0	1953125	12	0.0	0	0.68	0	0	V0.2	0	0	11	19	29	25	16	30	33	23	26	34	30	27	34	37	35	39	47	50	51	53	54	58	60	59	45	56	67	92	117	109	167	144	140	123	191	188	143	148	113	186	206	219	248	361	514	667	703	690	699	624	377	535	1000	940	812	472	663	181	441	285	176	190	293	289	230	263	295	231	114	57	105	104	67	78	103	83	47	67	76	53	40	72	74	44	40
64	170	2	2	119	0	1953125	12	0.0	0	0.64	0	0	V0.2	0	0	18	28	30	23	24	33	32	25	31	39	34	27	39	45	36	31	45	49	38	35	54	55	41	40	67	88	83	79	95	108	120	134	185	185	232	228	277	210	243	307	357	312	273	426	409	538	318	169	311	382	439	443	613	610	807	753	1000	607	488	303	371	202	81	83	138	185	147	107	86	134	104	70	61	97	81	45	44	73	67	30	41	65	50	20	44
64	170	2	2	119	0	1953125	12	0.0	0	0.64	0	0	V0.2	0	0	18	28	30	23	24	33	32	25	31	39	34	27	39	45	36	31	45	49	38	35	54	55	41	40	67	88	83	79	95	108	120	134	185	185	232	228	277	210	243	307	357	312	273	426	409	538	318	169	311	382	439	443	613	610	807	753	1000	607	488	303	371	202	81	83	138	185	147	107	86	134	104	70	61	97	81	45	44	73	67	30	41	65	50	20	44
64	170	2	2	119	0	1953125	12	0.0	0	0.59	0	0	V0.2	0	0	23	26	19	15	25	31	25	16	25	35	31	21	25	38	40	31	27	42	50	43	31	43	62	58	41	46	76	92	76	72	76	94	84	73	53	99	138	156	109	227	77	290	137	208	253	377	313	416	400	530	576	561	750	618	1000	731	659	397	545	461	423	256	276	255	260	210	151	129	130	157	147	94	66	84	94	82	51	56	77	78	53	36	54	66	53
64	170	2	2	119	0	1953125	12	0.0	0	0.52	0	0	V0.2	0	0	33	21	7	21	33	36	26	11	14	30	37	32	18	10	31	43	47	35	17	28	61	64	60	36	8	32	77	94	96	88	70	113	182	197	296	270	252	391	407	534	566	583	573	666	552	756	577	525	610	394	546	552	426	606	299	564	811	670	1000	561	372	384	221	287	220	153	130	24	47	104	108	130	81	52	33	68	88	81	58	19	18	46	60	56	34
64	170	2	2	119	0	1953125	12	0.0	0	0.47	0	0	V0.2	0	0	19	22	15	9	4	13	20	22	23	17	8	6	16	26	28	24	18	7	15	27	38	35	25	6	24	34	62	55	84	67	29	61	91	59	84	102	134	30	150	111	188	233	46	189	140	161	170	362	388	563	741	647	1000	697	242	698	655	835	920	540	594	258	234	132	53	131	130	154	146	102	74	45	17	13	41	66	63	62	41	20	15	33	46	50	44
64	170	2	2	119	0	1953125	12	0.0	194	1.05	0	0	V0.2	0	0	51	83	68	63	89	52	82	9	102	28	80	59	82	54	44	94	26	86	78	113	93	100	144	68	185	90	194	50	226	77	197	157	343	316	344	415	432	447	476	332	339	420	390	344	416	603	454	568	786	728	252	229	350	909	567	561	711	815	809	1000	737	493	162	422	498	491	246	224	212	207	171	158	138	100	185	124	110	57	124	53	99	78	87	54	85
