34928	35048	35167	35286	35405	35524	35644	35763	35882	36001	36120	36240	36359	36478	36597	36716	36836	36955	37074	37193	37313	37432	37551	37670	37789	37909	38028	38147	38266	38385	38505	38624	38743	38862	38981	39101	39220	39339	39458	39577	39697	39816	39935	40054	40174	40293	40412	40531	40650	40770	40889	41008	41127	41246	41366	41485	41604	41723	41842	41962	42081	42200	42319	42439	42558	42677	42796	42915	43035	43154	43273	43392	43511	43631	43750	43869	43988	44107	44227	44346	44465	44584	44703	44823	44942
64	170	1	2	119	0	1953125	12	0.0	0	0.95	0	0	V0.2	0	0	81	104	79	106	73	112	76	117	66	119	63	121	65	111	62	109	67	99	71	90	74	87	86	81	97	83	118	62	137	46	161	41	176	41	186	53	176	112	205	196	261	206	145	309	162	329	203	243	216	258	149	286	415	652	982	955	1000	803	688	524	376	266	204	89	194	76	196	82	195	115	180	140	140	152	98	148	63	144	34	128	20	120	23	109	29
64	170	1	2	119	0	1953125	12	0.0	0	0.95	0	0	V0.2	0	0	73	120	77	119	78	121	87	121	89	113	92	109	106	94	102	86	113	69	116	47	119	37	130	8	138	11	132	24	129	46	168	119	179	131	134	133	143	230	139	344	190	260	205	344	272	388	311	255	215	93	242	185	324	490	825	714	1000	773	745	535	471	231	224	105	200	139	160	179	118	195	87	196	46	181	44	159	58	135	76	106	78	89	87	69	82
64	170	1	2	119	0	1953125	12	0.0	0	0.95	0	0	V0.2	0	0	49	24	39	27	37	36	22	35	21	35	15	34	16	29	16	30	23	32	29	50	27	60	21	79	17	102	31	98	51	92	84	117	136	93	173	78	147	105	187	163	208	147	146	305	251	298	211	283	345	325	238	310	356	423	699	700	1000	772	659	415	318	260	191	210	135	178	127	146	139	117	153	94	136	79	118	75	88	71	69	71	52	70	48	60	42
64	170	1	2	119	0	1953125	12	0.0	0	0.95	0	0	V0.2	0	0	72	114	80	114	85	106	98	106	104	94	111	86	120	71	121	53	129	41	130	22	130	36	123	40	135	69	126	80	115	112	123	149	126	183	136	252	94	281	100	296	122	197	147	293	418	464	432	183	272	204	385	389	457	452	679	729	1000	692	626	467	507	321	275	183	171	196	128	230	78	202	71	202	88	161	98	133	113	99	116	71	110	53	114	34	100
64	170	1	2	119	0	1953125	12	0.0	0	0.95	0	0	V0.2	0	0	81	136	90	135	87	136	102	138	103	124	108	125	120	106	120	91	126	78	138	45	141	40	152	4	161	26	159	34	166	86	157	105	180	139	199	203	126	289	130	361	186	310	175	274	227	444	449	382	307	230	322	328	595	637	999	897	982	631	688	647	610	326	309	152	249	191	172	215	139	241	98	233	58	208	62	178	75	151	94	117	96	99	108	73	100
64	170	1	2	119	0	1953125	12	0.0	0	0.95	0	0	V0.2	0	0	69	109	74	108	75	108	82	108	86	102	88	99	97	85	97	74	104	63	108	40	114	29	121	7	121	15	130	32	122	62	147	108	159	136	120	140	110	208	96	268	142	265	137	274	233	300	272	230	284	163	233	170	315	350	645	727	1000	680	618	413	371	209	251	116	173	145	139	180	86	180	66	182	43	163	54	137	67	111	76	89	78	71	88	52	79
64	170	1	2	119	0	1953125	12	0.0	0	0.95	0	0	V0.2	0	0	73	124	80	123	78	125	90	125	93	115	100	110	113	92	111	81	123	64	124	40	132	27	138	5	145	20	162	43	149	80	152	118	181	173	164	200	150	288	170	358	171	285	181	310	295	388	407	342	292	210	224	263	433	568	899	786	1000	773	737	503	477	256	284	146	211	179	166	211	116	219	79	207	53	191	68	159	79	133	93	104	93	86	100	64	96
64	170	1	2	119	0	1953125	12	0.0	0	0.95	0	0	V0.2	0	0	72	128	75	127	72	127	85	132	87	121	91	118	105	101	104	89	120	71	123	50	133	37	145	12	143	13	156	17	169	76	168	87	221	161	201	197	187	263	93	267	142	330	204	384	292	463	357	316	241	161	387	367	551	653	991	876	1000	701	737	612	590	338	301	126	226	170	194	214	169	230	115	222	74	206	57	183	67	152	80	128	87	106	93	88	92
64	170	1	2	119	0	1953125	12	0.0	6265	2.09	0	0	V0.2	0	0	32	32	31	30	35	32	25	24	19	19	19	22	13	15	15	22	20	28	24	35	23	38	26	58	49	83	61	37	57	53	54	95	68	95	81	184	81	81	83	123	142	101	115	83	98	296	337	372	56	508	315	408	353	841	1000	82	845	394	718	731	412	391	214	136	49	113	77	12	38	35	64	10	57	15	31	7	30	8	18	4	12	11	25	13	12
64	170	1	2	119	0	1953125	12	0.0	204	1.05	0	0	V0.2	0	0	318	299	258	260	269	258	219	201	193	185	157	103	123	118	92	92	150	180	154	183	247	257	266	254	329	358	361	307	416	415	396	307	487	429	472	370	442	271	446	539	399	344	649	190	541	262	593	402	117	435	430	489	233	426	999	738	784	310	499	115	716	190	474	315	365	344	279	351	304	321	256	288	271	268	199	225	187	198	149	117	118	104	84	42	25
64	170	1	2	119	0	1953125	12	0.0	6737	2.18	0	0	V0.2	0	0	38	27	33	35	37	21	27	24	24	16	24	21	18	16	24	24	22	14	36	32	32	30	51	27	44	40	85	24	36	77	48	114	138	122	150	145	145	47	153	212	189	111	144	127	278	300	252	397	257	651	727	439	506	579	1000	514	416	206	781	957	192	301	104	410	133	76	79	85	54	27	55	34	22	26	48	7	20	23	29	16	27	24	30	8	21
64	170	1	2	119	0	1953125	12	0.0	0	0.60	0	0	V0.2	0	0	7	15	15	22	9	20	13	21	29	22	17	21	16	16	13	32	28	25	21	19	51	33	20	49	41	68	33	102	84	40	60	86	46	119	141	123	110	127	12	219	266	18	126	158	168	332	240	333	92	47	266	732	567	622	1000	594	635	365	452	269	439	250	206	49	191	116	44	84	78	98	45	61	47	34	35	38	33	45	35	49	31	40	33	19	2
64	170	1	2	119	0	1953125	12	0.0	0	0.51	0	0	V0.2	0	0	12	4	5	12	15	16	9	2	8	16	19	16	6	3	16	26	28	21	10	14	31	48	42	31	17	19	44	45	34	42	38	13	56	13	79	71	50	27	50	69	59	156	192	162	139	92	149	410	298	166	81	292	446	462	374	615	815	596	1000	933	712	676	448	237	185	148	142	150	138	122	101	45	30	48	70	67	49	25	24	47	62	58	43	20	16
64	170	2	2	119	0	1953125	12	0.0	0	0.47	0	0	V0.2	0	0	11	5	9	15	20	21	18	9	7	14	20	24	23	18	10	7	14	24	25	24	24	19	9	2	28	34	48	28	23	55	26	58	132	75	128	183	105	174	194	310	336	262	399	355	308	516	612	635	769	491	799	513	581	1000	865	897	762	606	297	278	269	186	186	136	140	110	61	19	31	37	51	71	63	49	41	17	8	25	45	52	49	37	22	13	15
64	170	2	2	119	0	1953125	12	0.0	0	0.52	0	0	V0.2	0	0	5	18	22	24	16	5	15	24	24	19	6	8	19	25	20	5	10	22	19	26	11	14	9	36	57	86	79	54	56	121	165	177	126	143	156	54	241	213	448	464	522	803	728	661	831	703	778	662	695	446	224	453	469	276	999	555	846	977	388	352	419	601	402	363	187	168	165	211	216	143	73	12	50	92	95	81	44	8	39	64	64	47	26	21	41
64	170	2	2	119	0	1953125	12	0.0	0	0.54	0	0	V0.2	0	0	14	10	10	15	19	17	12	11	17	21	20	15	14	20	25	26	21	19	26	35	36	32	27	29	42	47	48	40	43	26	59	66	89	80	77	96	78	180	121	114	120	152	206	238	262	250	298	381	478	481	550	618	873	1000	833	768	745	540	699	436	225	97	73	72	124	123	100	80	50	50	60	76	67	56	36	32	46	51	45	29	19	28	40	41	31
64	170	2	2	119	0	1953125	12	0.0	0	0.57	0	0	V0.2	0	0	24	25	21	15	22	28	27	18	20	31	35	28	20	30	41	38	28	26	43	48	41	28	31	57	74	70	51	50	86	92	97	82	123	187	266	289	287	293	335	289	344	322	406	412	348	334	364	569	621	671	672	656	834	1000	816	907	607	535	385	298	218	210	146	213	220	193	104	99	122	144	130	85	49	70	86	75	45	23	51	64	52	23	23	49	55
64	170	2	2	119	0	1953125	12	0.0	0	0.61	0	0	V0.2	0	0	23	17	13	20	22	19	16	22	26	22	18	24	29	25	19	26	34	32	26	33	45	46	35	39	53	60	42	35	43	46	77	54	80	88	137	147	162	155	180	157	181	164	191	178	164	227	241	314	354	545	613	815	852	892	940	1000	901	442	352	374	208	110	31	38	59	68	79	60	61	75	82	58	39	51	58	47	27	33	47	45	27	24	39	41	25
64	170	2	2	119	0	1953125	12	0.0	0	0.65	0	0	V0.2	0	0	19	35	26	5	25	34	20	15	36	36	13	22	40	32	10	35	51	30	17	46	58	30	28	62	75	46	45	82	86	46	37	164	227	273	277	371	379	421	426	366	344	224	313	113	24	256	412	607	803	700	512	754	319	551	252	549	902	376	475	999	764	338	61	245	372	250	127	140	230	189	81	90	135	115	46	68	92	65	11	53	66	36	15	55	50
64	170	2	2	119	0	1953125	12	0.0	0	0.71	0	0	V0.2	0	0	17	20	17	10	8	14	21	16	12	10	16	26	27	17	8	10	22	38	42	25	9	12	22	42	64	45	25	27	20	40	81	41	13	56	105	51	105	96	149	245	263	284	300	262	377	358	309	486	684	534	216	182	732	1000	676	563	873	866	765	41	163	343	327	231	216	220	114	94	73	79	87	83	42	36	5	46	70	62	34	15	9	38	52	52	34
64	170	2	2	119	0	1953125	12	0.0	0	0.72	0	0	V0.2	0	0	25	26	9	21	28	13	11	25	18	1	18	21	12	10	19	22	15	12	28	31	13	21	44	31	1	33	35	8	49	58	18	55	88	45	21	45	48	24	22	62	130	175	299	328	172	86	119	171	260	290	548	463	120	187	633	1000	796	337	61	72	124	176	148	117	82	40	57	82	58	20	25	43	36	29	24	22	31	36	19	21	30	19	14	29	22
64	170	2	2	119	0	1953125	12	0.0	0	0.95	0	0	V0.2	0	0	27	8	25	10	39	10	24	13	31	16	26	28	25	14	27	28	30	28	48	41	27	36	44	54	22	61	37	73	35	81	38	80	98	185	225	220	318	234	206	190	154	80	125	158	146	170	148	377	330	306	428	402	294	233	174	647	1000	667	344	237	57	67	146	187	195	186	100	83	94	71	65	55	92	49	66	58	66	42	45	57	41	39	43	53	34
64	170	2	2	119	0	1953125	12	0.0	0	0.95	0	0	V0.2	0	0	45	16	43	14	39	18	35	29	20	18	34	33	17	27	39	29	38	45	40	33	41	59	28	61	58	115	38	88	60	49	25	182	220	208	227	76	170	207	401	405	324	315	151	137	117	205	272	433	397	341	176	227	162	381	686	945	1000	851	731	353	201	215	89	178	114	191	188	196	129	51	100	103	131	67	104	59	65	55	71	61	34	55	40	42	25
64	170	2	2	119	0	1953125	12	0.0	0	0.82	0	0	V0.2	0	0	48	75	72	74	96	64	83	76	47	85	55	77	95	56	90	70	48	70	28	68	54	57	89	55	58	37	23	58	28	127	98	32	156	146	56	49	105	201	51	72	102	119	187	268	263	249	167	361	332	174	399	749	768	986	432	559	1000	869	485	53	126	146	158	73	99	38	153	66	106	137	13	101	68	32	67	25	74	64	52	86	29	52	48	25	70
64	170	2	2	119	0	1953125	12	0.0	0	0.82	0	0	V0.2	0	0	48	75	72	74	96	64	83	76	47	85	55	77	95	56	90	70	48	70	28	68	54	57	89	55	58	37	23	58	28	127	98	32	156	146	56	49	105	201	51	72	102	119	187	268	263	249	167	361	332	174	399	749	768	986	432	559	1000	869	485	53	126	146	158	73	99	38	153	66	106	137	13	101	68	32	67	25	74	64	52	86	29	52	48	25	70
64	170	2	2	119	0	1953125	12	0.0	0	0.94	0	0	V0.2	0	0	26	41	36	32	42	23	52	22	48	28	55	31	41	38	53	37	60	48	61	32	71	56	70	67	93	118	74	121	43	79	65	222	228	228	221	107	210	170	280	166	149	191	399	529	476	395	143	80	406	658	530	383	298	338	579	1000	925	866	511	265	79	151	187	270	170	112	94	85	85	97	139	65	91	73	129	83	83	82	70	61	49	78	56	58	53
64	170	2	2	119	0	1953125	12	0.0	0	0.95	0	0	V0.2	0	0	50	10	46	13	47	20	40	27	29	25	37	35	31	31	36	25	42	42	49	44	40	54	43	66	46	95	40	115	68	131	106	183	187	147	121	73	200	200	202	118	32	123	365	513	347	287	120	253	510	759	727	672	500	529	806	1000	912	388	246	221	120	224	281	386	272	224	159	198	150	61	126	142	156	57	101	59	78	40	84	61	55	63	58	54	31
64	170	2	2	119	0	1953125	12	0.0	0	0.72	0	0	V0.2	0	0	100	77	84	100	74	74	97	76	77	104	82	67	103	91	71	112	105	66	99	97	62	97	103	47	80	98	41	78	120	78	118	157	80	63	142	154	172	262	250	138	284	457	435	357	529	425	251	405	469	494	664	704	311	392	582	1000	995	513	377	272	198	132	80	104	219	117	47	110	54	63	134	76	55	107	54	43	101	81	20	82	80	22	71	79	26
64	170	2	2	119	0	1953125	12	0.0	0	0.79	0	0	V0.2	0	0	68	85	54	86	85	67	100	73	75	93	51	83	80	49	95	67	65	95	42	78	84	11	79	61	34	50	60	118	75	84	185	160	238	307	238	253	359	249	265	334	61	159	163	230	258	167	208	276	28	227	408	439	176	348	226	340	478	592	1000	790	767	488	370	378	312	184	229	177	37	94	51	69	101	17	110	95	18	96	57	41	73	20	55	49	18
64	170	2	2	119	0	1953125	12	0.0	0	0.62	0	0	V0.2	0	0	24	14	20	29	26	17	24	30	28	19	25	34	31	22	31	42	38	27	34	49	46	31	43	62	66	40	48	74	95	89	74	97	114	61	70	65	52	101	51	144	52	142	168	200	292	389	267	536	721	764	817	723	713	776	728	901	999	818	696	406	272	342	289	152	134	101	142	114	82	48	76	90	67	41	61	84	71	39	47	64	59	32	29	52	50
64	170	2	2	119	0	1953125	12	0.0	0	0.62	0	0	V0.2	0	0	24	14	20	29	26	17	24	30	28	19	25	34	31	22	31	42	38	27	34	49	46	31	43	62	66	40	48	74	95	89	74	97	114	61	70	65	52	101	51	144	52	142	168	200	292	389	267	536	721	764	817	723	713	776	728	901	999	818	696	406	272	342	289	152	134	101	142	114	82	48	76	90	67	41	61	84	71	39	47	64	59	32	29	52	50
64	170	2	2	119	0	1953125	12	0.0	0	0.51	0	0	V0.2	0	0	24	20	15	16	22	28	28	25	19	22	30	35	36	30	26	29	41	48	49	40	30	38	50	60	71	63	51	59	48	70	105	105	141	124	183	210	288	344	285	285	353	256	362	245	312	389	313	485	599	552	849	580	780	1000	806	710	868	719	499	576	200	283	225	196	128	106	76	50	100	134	125	96	59	44	66	93	98	80	54	27	37	59	67	62	39
64	170	2	2	119	0	1953125	12	0.0	0	0.46	0	0	V0.2	0	0	20	12	4	9	18	24	24	22	13	6	13	23	30	31	28	18	7	16	26	36	43	37	30	16	8	30	43	38	61	50	96	46	61	96	85	180	192	249	291	315	402	425	593	460	401	400	460	516	384	679	864	501	633	694	471	673	617	1000	905	664	636	376	284	100	67	115	94	91	104	106	65	49	30	17	31	57	65	62	51	37	16	4	21	35	41
64	170	2	2	119	0	1953125	12	0.0	0	0.42	0	0	V0.2	0	0	14	10	8	1	3	10	14	17	16	12	9	3	5	14	17	27	29	29	28	16	11	6	15	31	34	44	49	42	39	8	6	56	43	30	93	100	88	103	20	85	179	57	183	240	341	227	431	233	651	320	278	468	465	633	615	903	805	1000	460	490	415	85	239	75	110	137	84	168	130	147	133	108	78	63	30	6	18	45	58	67	68	56	42	26	9
64	170	2	2	119	0	1953125	12	0.0	249	1.06	0	0	V0.2	0	0	48	90	33	71	67	71	50	20	85	22	62	38	68	36	43	72	8	80	28	62	89	73	80	8	158	11	121	103	219	76	155	226	276	275	270	470	381	465	327	276	193	420	225	366	443	619	518	880	910	1000	768	898	758	781	388	331	672	505	556	623	439	425	394	423	250	204	220	130	69	21	153	15	110	59	87	66	74	43	16	76	24	52	47	67	29
64	170	2	2	119	0	1953125	12	0.0	0	0.53	0	0	V0.2	0	0	11	6	22	31	36	32	20	8	17	30	38	35	26	11	13	29	38	43	30	12	19	48	60	77	65	36	39	53	61	113	127	83	118	105	100	251	253	302	344	390	330	346	401	473	347	666	529	284	635	647	580	1000	860	763	981	851	646	655	504	220	233	80	108	29	96	48	143	110	71	60	41	43	69	84	64	49	28	23	36	43	41	33	23	19	24
64	170	2	2	119	0	1953125	12	0.0	3456	1.61	0	0	V0.2	0	0	57	43	29	39	42	27	1	22	7	17	29	10	19	37	33	17	48	45	18	55	63	38	19	48	48	40	38	8	34	21	107	56	157	260	144	223	108	357	243	270	242	245	422	190	283	474	307	169	560	509	300	812	203	472	865	471	825	350	746	1000	117	439	418	310	186	124	202	20	82	69	32	68	100	32	60	77	75	41	63	48	20	36	40	22	30
64	170	2	2	119	0	1953125	12	0.0	0	0.52	0	0	V0.2	0	0	0	6	2	7	5	3	7	9	4	8	8	1	5	3	9	11	8	11	8	8	18	3	15	6	24	29	11	12	22	22	29	110	191	182	155	171	183	138	43	60	48	323	274	121	101	421	566	616	497	657	842	778	592	739	789	1000	557	904	856	909	610	582	472	394	191	177	162	35	53	57	48	20	22	25	13	20	13	9	2	2	4	5	10	4	12
64	170	2	2	119	0	1953125	12	0.0	6235	2.09	0	0	V0.2	0	0	36	27	27	33	37	27	24	31	22	17	16	23	18	11	17	24	27	21	29	28	26	24	21	46	39	54	39	35	46	52	29	127	70	167	34	257	115	174	106	128	93	272	60	300	241	158	239	349	69	391	192	65	151	717	622	623	1000	367	608	417	282	323	204	223	57	94	100	24	40	24	36	25	23	26	36	15	11	17	22	16	14	5	22	17	13
64	170	2	2	119	0	1953125	12	0.0	154	1.05	0	0	V0.2	0	0	255	228	198	199	221	201	157	141	172	146	94	90	117	95	58	91	125	119	113	154	201	194	183	209	300	265	226	269	369	291	282	292	365	327	304	330	339	208	382	163	467	180	517	139	233	370	549	342	436	538	239	437	344	616	714	324	999	244	263	373	560	299	385	252	232	269	303	229	221	202	237	214	192	182	190	161	146	124	122	111	92	77	60	47	28
