34928	35048	35167	35286	35405	35524	35644	35763	35882	36001	36120	36240	36359	36478	36597	36716	36836	36955	37074	37193	37313	37432	37551	37670	37789	37909	38028	38147	38266	38385	38505	38624	38743	38862	38981	39101	39220	39339	39458	39577	39697	39816	39935	40054	40174	40293	40412	40531	40650	40770	40889	41008	41127	41246	41366	41485	41604	41723	41842	41962	42081	42200	42319	42439	42558	42677	42796	42915	43035	43154	43273	43392	43511	43631	43750	43869	43988	44107	44227	44346	44465	44584	44703	44823	44942
64	170	1	2	119	0	1953125	12	0.0	0	0.95	0	0	V0.2	0	0	128	183	130	185	128	188	134	191	130	182	132	180	139	166	139	153	153	134	160	110	173	93	191	61	205	42	231	30	229	61	259	110	260	144	228	231	187	319	139	437	190	502	240	559	371	588	488	451	297	275	315	227	435	408	847	768	999	838	826	562	586	311	415	187	316	233	279	268	196	269	123	275	56	256	42	225	69	193	99	152	110	123	123	94	120
64	170	1	2	119	0	1953125	12	0.0	0	0.95	0	0	V0.2	0	0	187	142	189	150	184	154	185	164	174	167	165	175	151	180	132	185	115	192	94	196	67	209	58	214	43	225	65	226	125	227	179	237	202	198	290	172	291	72	395	181	459	281	505	462	529	442	623	434	369	294	97	292	264	707	867	1000	872	973	762	791	444	465	267	340	264	296	292	204	296	133	295	65	278	62	242	88	205	118	162	130	128	135	95	137	70
64	170	1	2	119	0	1953125	12	0.0	0	0.95	0	0	V0.2	0	0	133	182	137	185	132	190	137	190	135	185	132	184	137	171	132	161	144	146	146	126	161	110	177	83	189	71	219	45	224	31	253	62	277	100	230	177	185	295	123	371	186	478	243	567	290	521	424	430	170	198	185	198	529	491	839	747	999	852	790	538	550	294	392	135	303	174	279	214	212	230	142	247	75	241	22	219	32	197	70	162	83	137	99	109	101
64	170	1	2	119	0	1953125	12	0.0	0	0.95	0	0	V0.2	0	0	139	178	138	180	131	187	135	189	126	184	125	187	126	175	124	164	135	152	137	133	151	122	166	95	181	83	204	59	219	17	249	25	267	81	235	127	195	260	158	363	198	440	214	543	275	518	337	371	167	243	272	282	409	411	802	815	1000	766	671	508	506	270	349	117	295	148	278	180	219	201	163	225	101	227	41	212	3	192	42	164	63	143	81	117	84
64	170	1	2	119	0	1953125	12	0.0	0	0.95	0	0	V0.2	0	0	65	13	55	18	53	29	42	32	34	32	31	39	28	31	36	36	37	34	46	48	49	68	48	90	48	111	38	115	56	152	88	170	120	136	162	125	186	143	281	230	354	323	347	428	408	495	436	324	218	212	225	306	382	535	857	808	1000	837	730	542	492	359	294	262	196	289	186	243	167	201	180	146	169	114	153	84	133	85	104	78	88	81	68	74	63
64	170	1	2	119	0	1953125	12	0.0	0	0.95	0	0	V0.2	0	0	139	183	139	186	134	189	139	194	133	186	131	186	135	174	130	164	141	151	143	133	160	116	177	89	191	78	216	52	229	21	247	49	278	103	251	170	198	264	148	391	176	437	199	528	296	550	415	461	243	252	207	202	428	473	827	777	1000	757	729	523	526	281	370	124	296	161	262	198	207	224	142	241	76	240	18	214	24	192	60	162	77	137	94	111	96
64	170	1	2	119	0	1953125	12	0.0	0	0.95	0	0	V0.2	0	0	129	182	140	180	140	180	152	179	155	163	159	157	171	137	169	117	181	103	184	72	189	65	200	56	201	64	219	94	190	147	187	197	195	236	131	275	62	316	100	409	182	430	338	451	432	476	525	336	394	253	349	242	361	456	925	878	1000	723	746	543	551	304	347	213	223	280	165	301	93	283	66	262	87	222	125	174	145	135	157	91	153	62	151	31	138
64	170	1	2	119	0	1953125	12	0.0	0	0.95	0	0	V0.2	0	0	61	41	47	48	42	56	22	49	20	51	9	46	16	41	21	47	24	48	26	72	21	81	19	109	25	129	58	111	85	139	153	120	164	111	220	92	199	164	255	287	286	398	357	523	377	513	482	358	245	165	223	257	435	633	963	890	1000	956	829	681	474	415	283	302	212	264	237	228	234	161	222	128	182	116	158	119	112	111	88	104	67	96	67	78	64
64	170	1	2	119	0	1953125	12	0.0	0	0.95	0	0	V0.2	0	0	171	175	172	180	166	189	162	200	148	202	139	207	128	202	115	202	110	195	105	187	116	179	129	178	154	161	174	156	222	104	234	106	304	27	292	25	297	181	264	278	377	430	280	502	423	606	416	374	212	356	154	303	303	447	821	923	1000	848	642	598	463	388	314	183	304	146	314	92	293	117	251	143	209	184	141	186	104	196	50	179	20	169	12	153	26
64	170	1	2	119	0	1953125	12	0.0	0	0.95	0	0	V0.2	0	0	131	190	141	186	142	187	153	185	158	170	159	163	175	145	169	125	184	111	187	77	190	68	209	53	205	49	235	90	201	127	210	186	214	228	142	266	82	327	101	420	168	453	305	486	395	480	493	338	356	172	356	169	399	609	1000	791	913	791	850	571	545	296	357	212	235	271	178	298	114	291	65	269	74	239	110	192	137	150	152	107	153	75	152	46	143
64	170	1	2	119	0	1953125	12	0.0	0	0.95	0	0	V0.2	0	0	127	184	130	183	125	187	131	190	129	179	131	181	137	163	133	154	150	138	153	114	167	101	185	69	198	51	228	33	227	37	244	74	265	133	218	185	186	310	114	380	187	489	236	515	318	522	345	336	254	271	354	247	414	498	999	845	910	707	785	542	519	276	376	150	292	187	261	228	197	239	133	252	63	243	26	220	45	192	79	156	93	130	108	99	107
64	170	1	2	119	0	1953125	12	0.0	0	0.95	0	0	V0.2	0	0	154	160	153	168	145	175	143	185	130	185	122	190	111	188	97	189	95	182	95	174	102	173	119	161	136	161	175	135	202	121	250	92	268	51	307	54	240	135	323	318	305	366	356	524	331	493	407	392	184	350	294	385	388	565	932	999	900	846	733	655	413	337	337	232	310	144	322	130	290	110	261	153	200	174	157	188	100	190	55	177	25	170	9	148	22
64	170	1	2	119	0	1953125	12	0.0	0	0.95	0	0	V0.2	0	0	102	151	111	146	112	147	125	144	129	129	132	126	144	105	139	94	154	76	152	53	164	45	168	42	170	50	188	82	163	123	168	168	168	206	117	238	59	289	116	332	150	381	283	393	334	378	382	218	314	196	373	224	350	543	1000	804	764	677	758	534	444	261	337	237	217	249	164	268	101	252	78	230	84	199	113	153	127	117	138	78	136	53	133	28	123
64	170	1	2	119	0	1953125	12	0.0	0	0.95	0	0	V0.2	0	0	120	156	127	154	132	154	142	146	142	139	149	129	153	113	154	102	159	86	155	68	168	66	165	57	171	73	184	102	141	129	171	202	128	184	124	278	4	241	81	383	193	311	258	437	317	272	369	234	258	65	222	279	523	643	776	781	1000	713	632	445	468	264	284	218	182	252	134	277	73	243	69	227	100	183	129	137	140	102	153	57	140	39	141	8	123
64	170	1	2	119	0	1953125	12	0.0	0	1.02	0	0	V0.2	0	0	48	60	38	68	41	63	29	70	29	62	25	64	20	55	37	55	45	55	68	53	83	58	91	50	108	56	99	33	123	32	108	26	108	14	134	60	144	58	150	138	269	143	175	164	274	119	231	281	362	334	482	538	622	725	967	896	1000	798	793	760	651	516	461	428	322	331	208	256	133	159	69	121	50	88	79	97	74	91	82	80	67	77	65	58	55
64	170	1	2	119	0	1953125	12	0.0	104	1.04	0	0	V0.2	0	0	23	83	32	74	42	63	52	48	61	34	69	21	71	38	69	57	62	82	52	104	40	122	39	149	64	163	97	181	108	196	151	222	162	250	192	194	180	215	241	179	201	198	263	252	468	265	422	481	599	592	644	701	890	831	873	760	1000	764	651	591	660	535	457	289	307	220	163	59	164	56	142	88	173	71	157	98	138	72	126	81	88	78	94	65	67
64	170	1	2	119	0	1953125	12	0.0	84	1.03	0	0	V0.2	0	0	110	45	95	52	95	59	84	67	70	77	69	87	52	106	67	108	59	132	79	132	98	151	107	149	141	171	152	153	166	189	185	169	171	217	201	139	179	208	278	354	385	376	436	631	687	612	689	931	748	839	759	995	739	922	836	1000	991	893	668	792	614	619	433	510	308	353	202	249	138	208	102	206	96	201	115	193	102	178	100	156	88	137	88	114	89
64	170	2	2	119	0	1953125	12	0.0	109	1.04	0	0	V0.2	0	0	90	63	85	37	100	32	87	19	96	15	89	50	83	62	79	96	66	118	73	144	52	167	71	185	73	209	96	207	98	237	121	236	146	291	135	240	244	339	239	410	454	579	458	728	767	805	771	1000	822	938	701	847	616	773	616	702	810	723	409	533	384	452	277	356	185	242	88	174	35	159	61	180	80	176	89	168	78	146	72	122	69	103	72	87	73
64	170	2	2	119	0	1953125	12	0.0	129	1.04	0	0	V0.2	0	0	46	108	54	96	70	96	75	77	91	72	91	61	106	65	104	85	120	103	119	141	124	161	132	198	126	207	137	230	109	262	139	285	184	331	200	341	257	421	340	467	391	608	564	833	792	933	944	1000	840	923	902	835	623	830	796	826	734	723	446	494	306	403	303	333	241	291	242	269	203	261	202	240	184	218	162	187	130	167	108	141	102	129	89	112	94
64	170	2	2	119	0	1953125	12	0.0	154	1.05	0	0	V0.2	0	0	49	90	56	77	68	75	69	60	85	57	80	49	91	49	81	73	93	88	91	120	93	143	102	171	81	180	102	196	84	242	136	288	208	366	244	380	330	438	336	420	373	542	468	602	530	679	688	701	466	617	513	597	484	616	585	774	864	1000	667	632	545	570	465	459	360	376	306	303	239	269	198	227	182	213	148	182	131	163	102	143	96	124	88	117	94
64	170	2	2	119	0	1953125	12	0.0	154	1.05	0	0	V0.2	0	0	113	27	109	23	112	27	108	42	110	54	99	74	92	88	83	110	83	133	83	155	97	180	112	199	114	214	147	228	143	244	185	304	270	362	282	404	353	426	372	445	386	528	528	694	675	819	867	898	738	914	784	837	663	834	707	807	894	1000	736	719	546	621	477	530	358	426	308	352	233	318	218	279	192	266	174	213	144	201	122	160	119	148	105	128	117
64	170	2	2	119	0	1953125	12	0.0	0	0.47	0	0	V0.2	0	0	24	28	25	21	11	3	8	18	27	28	28	21	11	1	14	24	32	34	31	21	12	18	28	46	46	46	45	52	51	45	126	133	176	263	237	298	316	321	363	321	519	497	615	622	516	512	444	404	440	396	605	558	861	770	999	727	678	433	301	319	289	240	282	270	248	180	144	97	68	74	76	94	89	79	58	34	16	10	24	37	39	39	31	21	9
64	170	2	2	119	0	1953125	12	0.0	0	0.53	0	0	V0.2	0	0	24	28	21	9	11	24	28	24	9	11	27	33	33	16	5	25	42	42	25	11	29	41	46	33	8	37	68	87	97	92	77	112	103	113	131	75	112	160	134	219	232	351	351	401	457	386	367	318	354	660	471	615	553	637	903	897	1000	892	613	357	269	275	250	259	181	93	53	70	115	141	115	89	44	37	59	69	57	29	7	35	49	50	34	8	21
64	170	2	2	119	0	1953125	12	0.0	0	0.51	0	0	V0.2	0	0	16	26	28	22	7	10	23	32	33	20	3	19	37	46	46	28	8	26	49	54	50	29	9	31	62	84	63	56	69	111	143	163	209	199	154	239	227	181	298	211	316	515	599	551	828	808	445	706	687	536	732	950	535	250	631	1000	436	991	752	143	223	191	158	111	221	113	159	138	46	39	94	122	101	82	54	22	39	65	68	58	37	10	24	44	52
64	170	2	2	119	0	1953125	12	0.0	0	0.57	0	0	V0.2	0	0	6	3	11	14	11	2	8	15	17	9	1	12	19	18	11	2	15	18	15	2	14	23	27	21	6	28	42	44	35	12	11	53	70	31	76	85	69	60	85	146	135	80	114	146	73	128	346	322	225	315	361	450	240	372	589	344	394	1000	603	297	328	173	60	117	176	77	58	38	52	45	45	28	9	29	36	30	11	13	28	35	27	11	10	24	28
64	170	2	2	119	0	1953125	12	0.0	0	0.96	0	0	V0.2	0	0	156	190	150	235	182	217	137	207	178	241	162	179	139	226	184	185	110	173	170	215	140	126	109	248	202	115	99	203	225	166	248	115	235	214	459	179	391	72	481	286	402	308	606	518	231	537	902	811	151	59	141	357	327	813	1000	804	416	971	862	618	63	523	486	420	190	313	380	206	190	203	372	70	166	70	295	111	165	41	185	113	167	104	91	69	139
64	170	2	2	119	0	1953125	12	0.0	0	0.96	0	0	V0.2	0	0	106	138	126	129	121	124	139	130	133	108	134	118	140	103	117	98	139	97	119	73	121	92	147	44	120	73	163	50	155	33	188	100	140	59	213	174	163	261	113	302	152	350	57	337	426	719	430	132	164	301	249	92	269	678	1000	583	261	363	439	229	218	218	355	152	206	84	234	100	189	142	129	126	110	156	46	114	62	147	36	100	19	115	39	98	23
64	170	2	2	119	0	1953125	12	0.0	0	0.96	0	0	V0.2	0	0	147	182	156	183	170	183	166	172	179	168	178	160	170	152	175	143	164	126	163	134	164	105	170	114	180	76	201	79	195	77	245	64	201	97	285	181	269	287	125	274	290	558	336	415	20	360	241	422	206	261	334	561	767	623	410	313	652	999	988	571	309	257	453	240	322	80	322	104	262	108	221	146	168	154	130	170	100	171	51	146	57	149	40	120	26
64	170	2	2	119	0	1953125	12	0.0	0	0.95	0	0	V0.2	0	0	163	207	168	222	168	223	156	227	165	226	152	219	150	219	157	195	158	182	168	173	175	148	203	130	222	100	248	65	287	29	294	67	289	172	244	144	307	313	243	410	167	474	398	724	357	593	370	373	189	282	433	486	604	565	725	612	955	1000	752	176	255	419	587	296	346	171	357	204	254	232	185	249	104	266	40	238	13	229	60	186	69	167	93	137	98
64	170	2	2	119	0	1953125	12	0.0	0	0.77	0	0	V0.2	0	0	26	43	33	22	41	31	12	34	26	1	22	22	22	16	15	36	26	16	45	36	19	45	39	26	46	18	54	70	40	49	74	47	100	45	56	65	106	122	198	226	91	80	251	389	459	474	199	404	459	586	468	294	701	925	561	237	107	725	1000	598	216	97	142	156	161	183	99	103	77	36	36	51	29	49	59	34	66	69	20	43	66	35	26	49	35
64	170	2	2	119	0	1953125	12	0.0	0	0.95	0	0	V0.2	0	0	120	145	122	161	111	161	112	159	120	159	102	160	106	154	107	145	106	138	124	114	128	102	134	106	145	89	205	31	206	34	180	23	250	136	294	273	42	124	218	235	392	590	507	617	250	183	135	441	409	379	451	285	257	140	282	613	999	875	840	376	283	79	241	163	328	175	266	166	150	138	141	184	88	196	34	180	8	161	35	139	50	120	66	94	62
64	170	2	2	119	0	1953125	12	0.0	0	0.95	0	0	V0.2	0	0	108	138	102	137	105	139	107	147	95	143	99	142	100	133	92	130	105	115	103	107	105	106	133	72	143	58	145	69	180	34	218	114	135	123	131	19	283	295	322	434	159	290	26	157	78	395	390	545	404	168	87	252	373	549	798	842	1000	615	426	32	132	181	242	139	274	130	148	67	151	121	125	164	76	177	15	144	7	134	26	126	49	96	50	87	58
64	170	1	2	119	0	1953125	12	0.0	0	0.94	0	0	V0.2	0	0	25	37	35	29	44	14	40	16	50	13	44	24	46	25	49	37	52	25	59	38	64	44	76	77	57	89	55	106	66	155	85	135	125	92	115	56	127	155	237	183	282	238	210	191	211	352	318	336	275	277	262	246	434	454	763	833	1000	691	417	182	64	108	70	132	151	193	121	110	101	98	123	83	138	85	106	79	90	82	62	81	56	69	46	67	53
64	170	1	2	119	0	1953125	12	0.0	0	0.95	0	0	V0.2	0	0	135	175	137	194	128	191	129	192	134	192	120	186	126	181	132	166	133	155	152	132	162	111	160	112	201	63	218	53	245	24	273	66	303	234	237	223	90	173	233	378	316	596	405	549	185	395	324	503	492	458	586	482	428	284	653	839	999	772	679	398	417	186	273	113	337	196	314	205	216	214	137	220	88	241	37	225	20	202	61	162	68	146	90	113	88
64	170	1	2	119	0	1953125	12	0.0	7696	2.34	0	0	V0.2	0	0	37	45	35	31	20	40	33	26	8	31	20	13	4	21	15	11	17	30	27	16	37	34	35	39	55	87	69	10	42	42	63	30	74	137	169	179	180	113	162	296	191	157	208	243	206	81	115	167	264	171	362	477	772	932	740	198	1000	995	757	717	358	256	215	106	78	195	93	165	34	67	30	94	55	47	28	20	56	40	24	16	25	29	16	8	11
64	170	2	2	119	0	1953125	12	0.0	0	0.75	0	0	V0.2	0	0	971	982	992	999	1000	991	994	996	981	970	962	967	957	940	922	911	899	870	842	824	794	779	786	780	784	764	762	777	791	810	806	836	910	887	880	844	753	803	882	874	798	911	752	729	564	754	841	789	617	590	526	536	359	593	407	675	566	82	396	514	610	559	509	536	568	576	617	623	654	657	672	667	664	661	655	638	613	608	587	581	547	520	490	457	446
64	170	2	2	119	0	1953125	12	0.0	7808	2.36	0	0	V0.2	0	0	23	22	17	14	20	23	14	13	15	15	10	6	11	9	8	7	12	14	9	13	18	20	13	26	23	41	17	8	26	31	48	30	23	9	119	48	152	21	27	155	131	184	80	172	136	342	148	156	262	49	215	405	240	251	678	646	1000	490	216	325	281	131	107	125	96	117	29	10	34	41	27	16	28	1	16	6	6	12	7	7	4	10	5	5	6
64	170	2	2	119	0	1953125	12	0.0	0	0.65	0	0	V0.2	0	0	34	9	32	27	28	36	29	48	12	13	61	50	41	18	55	54	40	29	32	64	45	56	74	57	84	39	45	65	86	128	46	94	182	151	137	182	162	105	137	148	116	210	430	497	557	400	240	193	471	395	1000	798	722	338	586	201	498	379	541	594	292	253	190	188	81	39	133	66	101	88	95	71	67	32	47	56	45	56	43	32	36	81	33	35	29
64	170	2	2	119	0	1953125	12	0.0	7521	2.31	0	0	V0.2	0	0	30	32	14	15	27	34	19	15	22	29	14	8	22	23	14	11	27	28	8	11	39	38	8	13	62	51	24	25	49	62	81	51	86	44	128	55	96	32	131	98	93	132	60	184	304	316	126	241	238	188	263	179	155	334	689	999	899	393	500	683	319	117	171	126	81	43	70	72	42	36	45	38	48	41	37	25	44	22	25	30	33	24	20	22	28
64	170	2	2	119	0	1953125	12	0.0	7591	2.32	0	0	V0.2	0	0	88	96	35	79	55	74	48	48	38	61	21	31	29	44	19	34	28	65	42	43	72	65	75	40	118	117	7	151	106	90	100	104	215	123	386	425	361	473	179	276	141	262	424	473	776	937	723	630	376	731	872	1000	973	699	625	537	385	623	610	713	442	447	419	467	397	92	80	99	88	136	63	139	108	69	14	49	65	106	25	39	44	69	16	2	37
