34928	35048	35167	35286	35405	35524	35644	35763	35882	36001	36120	36240	36359	36478	36597	36716	36836	36955	37074	37193	37313	37432	37551	37670	37789	37909	38028	38147	38266	38385	38505	38624	38743	38862	38981	39101	39220	39339	39458	39577	39697	39816	39935	40054	40174	40293	40412	40531	40650	40770	40889	41008	41127	41246	41366	41485	41604	41723	41842	41962	42081	42200	42319	42439	42558	42677	42796	42915	43035	43154	43273	43392	43511	43631	43750	43869	43988	44107	44227	44346	44465	44584	44703	44823	44942
64	170	1	2	119	0	1953125	12	0.0	0	0.95	0	0	V0.2	0	0	181	226	186	226	185	232	193	231	194	224	197	221	204	208	205	193	218	178	221	155	229	143	238	118	249	102	264	111	245	140	251	162	259	210	196	256	172	342	82	377	67	341	199	395	330	535	450	413	377	299	362	49	411	269	834	577	1000	585	790	393	509	175	343	195	224	263	136	313	65	315	33	305	89	275	138	238	166	207	192	170	198	143	209	118	205
64	170	1	2	119	0	1953125	12	0.0	0	0.95	0	0	V0.2	0	0	197	243	200	242	198	248	206	250	203	243	207	242	213	228	213	217	224	202	225	177	238	162	251	133	262	115	281	112	271	127	274	152	295	191	232	257	219	345	140	379	122	349	178	425	313	595	469	488	348	340	397	96	478	195	865	495	999	553	826	384	532	149	380	178	269	252	181	319	106	328	44	327	74	304	120	267	158	240	186	198	196	172	211	143	210
64	170	1	2	119	0	1953125	12	0.0	0	0.95	0	0	V0.2	0	0	179	226	179	225	180	230	187	231	185	227	188	225	193	212	193	202	205	186	206	166	217	152	228	125	237	109	257	104	248	113	254	128	275	167	232	216	210	310	140	348	129	333	139	432	257	564	400	477	293	322	306	75	469	279	904	579	1000	577	795	381	529	149	383	132	266	219	194	289	128	303	57	308	52	290	90	258	126	234	159	195	173	168	190	138	193
64	170	1	2	119	0	1953125	12	0.0	0	0.95	0	0	V0.2	0	0	183	229	184	231	183	237	189	239	187	234	190	231	197	219	198	209	209	192	211	167	227	154	239	122	253	101	275	95	262	113	272	141	294	186	242	254	224	341	159	379	134	345	148	443	288	582	456	515	361	372	380	148	437	223	872	563	1000	621	839	403	569	175	399	148	273	236	196	303	120	318	45	321	49	301	94	267	134	238	166	199	181	170	198	139	200
64	170	1	2	119	0	1953125	12	0.0	0	0.95	0	0	V0.2	0	0	203	245	204	247	202	255	205	258	201	255	201	257	206	244	203	237	214	220	217	199	232	186	244	154	259	130	288	114	279	114	292	115	325	147	287	198	275	305	209	365	201	357	109	500	243	663	418	568	298	429	342	230	406	142	852	516	999	603	847	428	590	162	429	96	323	201	253	290	185	315	107	332	71	320	78	292	115	269	151	233	167	206	190	174	196
64	170	1	2	119	0	1953125	12	0.0	0	0.95	0	0	V0.2	0	0	66	14	66	14	63	23	51	22	46	26	40	30	35	21	40	30	44	24	54	37	60	45	66	70	78	103	80	120	34	154	34	170	70	178	126	207	155	185	261	180	289	115	262	410	463	601	630	492	398	343	224	200	215	298	817	700	1000	921	926	662	552	354	335	206	196	245	169	249	149	225	175	175	155	134	159	89	137	83	119	67	97	76	74	69	68
64	170	1	2	119	0	1953125	12	0.0	0	0.95	0	0	V0.2	0	0	71	11	66	8	68	20	55	25	50	31	42	31	39	30	45	34	49	30	61	44	70	54	73	83	76	114	75	135	45	165	58	180	93	200	156	187	164	178	275	177	272	153	313	393	458	596	592	497	412	399	310	386	397	421	770	690	1000	901	974	698	573	360	343	232	224	256	184	265	164	236	180	182	160	144	165	103	148	90	123	70	100	81	81	73	71
64	170	1	2	119	0	1953125	12	0.0	0	0.95	0	0	V0.2	0	0	251	220	253	228	246	236	246	250	232	255	222	271	208	272	189	280	176	281	161	279	152	280	157	279	156	278	182	266	229	226	274	219	334	182	386	125	371	26	429	86	466	231	313	507	437	739	591	626	351	479	189	511	212	569	724	903	808	1000	735	794	389	485	361	289	338	146	400	29	388	62	366	139	325	192	269	230	225	254	175	258	141	260	116	254	97
64	170	1	2	119	0	1953125	12	0.0	0	0.95	0	0	V0.2	0	0	251	220	253	228	246	236	246	250	232	255	222	271	208	272	189	280	176	281	161	279	152	280	157	279	156	278	182	266	229	226	274	219	334	182	386	125	371	26	429	86	466	231	313	507	437	739	591	626	351	479	189	511	212	569	724	903	808	1000	735	794	389	485	361	289	338	146	400	29	388	62	366	139	325	192	269	230	225	254	175	258	141	260	116	254	97
64	170	1	2	119	0	1953125	12	0.0	0	0.95	0	0	V0.2	0	0	193	236	201	232	205	234	218	229	219	218	229	212	237	194	238	181	247	167	246	148	249	145	247	137	248	144	250	163	228	203	204	237	206	277	131	304	135	356	62	367	78	327	366	337	391	445	560	268	407	152	526	235	512	345	728	620	1000	693	819	496	534	271	286	289	141	345	40	361	47	328	121	295	178	246	220	194	236	161	250	123	241	106	241	95	224
64	170	1	2	119	0	1953125	12	0.0	104	1.04	0	0	V0.2	0	0	15	51	4	53	6	47	8	37	20	32	27	19	42	22	40	21	46	22	37	37	31	45	20	73	11	87	31	100	12	101	25	102	15	102	45	83	85	101	109	108	94	94	62	142	95	181	75	5	111	152	293	360	471	659	866	882	999	795	752	626	503	405	320	295	209	179	101	89	96	78	131	95	130	88	127	81	102	61	89	51	70	49	63	48	60
64	170	1	2	119	0	1953125	12	0.0	4438	1.78	0	0	V0.2	0	0	82	82	71	61	62	75	61	65	59	58	50	47	55	53	44	54	68	71	60	68	74	70	78	132	118	167	139	74	153	176	79	174	45	295	165	498	423	61	132	126	248	394	274	566	599	762	932	326	316	385	161	626	572	726	754	456	844	1000	792	899	506	492	527	459	214	286	182	86	64	101	82	39	44	36	72	16	51	36	59	38	28	35	31	37	16
64	170	2	2	119	0	1953125	12	0.0	7763	2.35	0	0	V0.2	0	0	36	24	21	33	41	30	16	24	25	31	14	20	27	19	5	18	27	5	2	25	30	28	22	62	67	34	25	42	72	87	59	78	38	113	18	164	70	116	83	123	104	85	97	76	156	78	160	264	187	234	352	448	136	403	788	261	576	1000	532	303	241	26	299	89	83	129	154	21	38	68	73	58	32	69	36	35	11	38	29	18	5	18	18	9	17
64	170	2	2	119	0	1953125	12	0.0	7763	2.35	0	0	V0.2	0	0	36	24	21	33	41	30	16	24	25	31	14	20	27	19	5	18	27	5	2	25	30	28	22	62	67	34	25	42	72	87	59	78	38	113	18	164	70	116	83	123	104	85	97	76	156	78	160	264	187	234	352	448	136	403	788	261	576	1000	532	303	241	26	299	89	83	129	154	21	38	68	73	58	32	69	36	35	11	38	29	18	5	18	18	9	17
64	170	2	2	119	0	1953125	12	0.0	7576	2.32	0	0	V0.2	0	0	82	75	89	76	103	42	84	54	84	20	66	33	73	28	53	30	51	32	30	110	35	99	37	139	75	127	52	181	126	150	152	143	237	207	136	390	398	99	190	188	394	134	197	539	890	693	495	174	677	957	974	1000	508	279	74	155	29	296	211	231	140	260	374	234	336	216	21	74	85	162	94	54	45	138	123	44	74	58	112	16	29	39	72	7	36
64	170	2	2	119	0	1953125	12	0.0	7753	2.35	0	0	V0.2	0	0	50	61	65	59	49	40	68	21	56	11	55	11	33	22	44	8	30	38	33	40	45	39	88	23	93	35	104	98	31	115	82	108	114	26	155	294	201	313	181	119	130	162	230	286	356	584	533	348	295	112	456	644	913	1000	846	798	378	242	87	183	175	132	237	113	170	143	33	51	76	75	86	7	83	85	34	51	29	54	38	31	6	48	16	38	43
64	170	2	2	119	0	1953125	12	0.0	7748	2.35	0	0	V0.2	0	0	74	88	50	68	64	80	53	30	65	57	31	19	46	56	16	30	54	80	4	49	80	105	4	106	106	62	95	87	93	112	125	25	190	71	233	182	233	271	103	273	102	170	294	339	347	493	319	102	97	170	438	530	721	840	797	1000	841	657	546	179	150	80	133	226	84	109	124	146	23	93	60	143	29	96	26	104	57	29	37	54	17	30	11	5	37
64	170	2	2	119	0	1953125	12	0.0	7586	2.32	0	0	V0.2	0	0	77	66	54	34	57	58	56	20	44	40	49	10	34	33	31	11	30	48	41	23	42	86	65	47	76	75	85	54	55	108	110	61	79	77	184	144	92	276	269	139	225	96	194	142	209	281	424	193	113	335	727	855	878	999	800	827	589	282	288	464	378	197	160	295	279	180	170	89	115	20	52	106	137	35	78	31	88	17	26	36	77	20	29	33	56
64	170	2	2	119	0	1953125	12	0.0	0	0.95	0	0	V0.2	0	0	536	530	497	426	408	446	421	407	308	218	296	249	192	143	122	200	252	243	273	315	417	474	457	468	525	608	680	638	642	710	707	754	777	727	746	818	674	855	799	756	749	707	724	893	587	632	565	632	1000	646	416	795	534	766	755	437	728	661	806	583	465	773	580	547	626	628	577	552	520	517	534	534	454	398	400	391	366	326	285	201	188	203	202	140	93
64	170	2	2	119	0	1953125	12	0.0	7521	2.31	0	0	V0.2	0	0	29	21	14	13	26	18	16	10	15	11	13	3	14	13	1	6	23	18	10	17	19	26	11	32	33	44	0	17	27	18	65	68	65	90	61	40	206	140	110	145	87	139	232	164	82	284	228	204	222	516	93	13	540	619	672	724	1000	775	708	497	216	96	81	206	193	43	63	44	71	37	55	62	30	29	29	46	16	17	8	24	12	14	7	11	9
64	170	2	2	119	0	1953125	12	0.0	7541	2.31	0	0	V0.2	0	0	35	87	98	109	34	55	85	88	44	17	70	80	40	47	85	37	38	71	121	72	31	95	163	85	65	59	205	190	10	132	121	188	108	83	189	416	179	240	205	551	660	430	480	638	390	314	404	764	977	642	371	138	519	322	285	366	910	999	686	547	403	451	318	331	295	313	209	230	184	199	154	125	156	160	137	67	106	125	119	60	67	92	95	82	92
64	170	2	2	119	0	1953125	12	0.0	0	0.45	0	0	V0.2	0	0	7	13	22	33	7	8	8	26	20	2	40	5	25	19	15	38	28	42	21	10	39	38	46	42	61	65	40	81	42	28	4	25	127	137	235	234	250	153	311	258	337	415	584	765	491	457	153	140	411	317	456	483	361	680	1000	343	482	373	325	457	344	123	120	170	91	55	142	38	45	20	32	23	17	32	64	48	44	24	24	29	7	31	25	1	32
64	170	2	2	119	0	1953125	12	0.0	0	0.95	0	0	V0.2	0	0	71	35	53	39	49	54	33	52	25	52	20	54	27	47	32	60	38	67	30	81	27	103	38	115	51	127	87	114	152	118	231	117	216	93	266	200	307	238	218	372	385	597	510	355	163	596	817	774	600	213	102	325	783	1000	957	617	856	953	687	492	353	345	296	211	232	179	284	146	211	140	173	141	131	167	92	132	62	136	82	99	70	78	70	58	74
64	170	2	2	119	0	1953125	12	0.0	319	1.07	0	0	V0.2	0	0	24	32	10	41	4	35	12	31	16	16	23	5	29	15	22	30	21	28	6	29	22	24	52	24	46	17	68	21	43	67	61	99	98	159	95	117	95	160	117	127	172	157	79	285	472	485	187	163	463	388	276	339	409	322	264	639	1000	753	468	181	288	345	336	151	68	76	52	58	53	124	58	77	38	65	14	31	43	17	46	29	40	25	40	16	24
64	170	2	2	119	0	1953125	12	0.0	0	0.96	0	0	V0.2	0	0	229	265	250	260	264	244	281	239	285	238	276	244	265	258	237	263	231	264	206	270	202	261	211	232	258	185	248	183	323	101	348	277	225	305	175	395	82	395	60	555	386	315	693	269	461	237	559	359	728	780	555	858	840	488	673	479	1000	849	941	281	360	156	333	412	157	415	78	338	159	295	311	136	327	112	311	152	253	230	198	249	137	262	145	230	163
64	170	2	2	119	0	1953125	12	0.0	0	0.95	0	0	V0.2	0	0	51	15	44	16	47	27	35	28	27	29	23	32	23	24	30	32	39	37	41	47	42	69	29	64	28	103	50	131	73	79	50	150	175	155	196	35	185	235	332	267	185	139	83	262	298	435	263	333	381	458	478	525	593	504	269	394	999	815	741	494	353	243	63	149	141	224	137	178	160	142	143	77	127	62	105	63	103	69	65	64	59	63	45	62	39
64	170	2	2	119	0	1953125	12	0.0	0	0.95	0	0	V0.2	0	0	60	15	52	13	53	27	44	32	30	26	33	34	28	29	39	37	40	35	48	49	51	69	48	76	41	121	51	131	52	130	78	180	211	228	290	64	141	173	320	221	247	106	183	326	381	575	358	275	274	337	457	463	478	370	358	279	864	999	965	588	388	289	151	212	175	292	205	216	140	158	168	114	146	80	132	70	121	78	91	68	70	73	56	66	50
64	170	2	2	119	0	1953125	12	0.0	0	0.95	0	0	V0.2	0	0	52	23	56	11	51	17	45	22	36	17	39	24	38	25	31	22	48	29	47	32	56	44	74	82	42	82	63	119	58	175	86	182	135	231	255	73	90	178	306	305	494	424	485	370	216	328	222	237	338	440	415	265	67	260	556	672	1000	995	851	438	128	131	274	268	111	188	172	225	122	172	142	98	102	120	153	69	98	63	85	47	74	71	50	50	49
64	170	2	2	119	0	1953125	12	0.0	0	0.96	0	0	V0.2	0	0	43	22	35	23	38	29	28	29	23	37	8	25	10	19	13	17	20	17	33	36	17	26	39	47	24	39	49	69	56	133	54	123	76	212	191	164	166	131	155	178	279	201	207	83	294	381	468	412	419	445	388	373	324	319	136	248	875	1000	854	489	393	326	307	190	175	178	171	162	105	159	71	95	58	117	65	66	64	56	47	35	56	26	26	28	39
64	170	1	2	119	0	1953125	12	0.0	0	0.96	0	0	V0.2	0	0	39	37	26	29	27	39	17	38	8	36	5	27	3	17	12	24	12	22	25	41	16	33	24	50	21	61	29	92	49	143	91	98	103	184	226	136	204	120	200	137	267	185	171	164	304	462	380	386	344	404	383	306	256	317	92	252	833	1000	969	577	410	340	245	191	131	205	142	167	84	147	91	76	72	98	93	44	79	42	52	20	57	32	28	25	37
64	170	1	2	119	0	1953125	12	0.0	0	0.96	0	0	V0.2	0	0	162	178	166	183	166	181	179	175	183	169	182	173	178	166	174	163	179	149	181	134	176	142	178	126	179	122	198	91	230	88	227	111	253	123	282	239	180	267	149	271	125	298	91	362	139	575	299	447	232	391	458	223	406	317	49	465	913	999	969	353	327	67	322	93	270	85	253	151	209	187	142	185	159	203	99	209	93	203	100	176	89	180	109	159	96
64	170	1	2	119	0	1953125	12	0.0	0	0.96	0	0	V0.2	0	0	184	213	196	210	196	211	200	215	210	200	208	205	207	200	196	194	203	187	194	175	198	170	205	165	188	151	234	124	235	108	264	92	316	90	330	169	349	324	294	361	126	233	261	406	328	727	272	390	116	560	386	555	690	477	578	119	722	1000	916	314	316	126	276	100	370	60	315	97	281	170	205	201	198	190	167	217	135	222	131	193	119	205	121	188	112
64	170	1	2	119	0	1953125	12	0.0	79	1.03	0	0	V0.2	0	0	51	22	46	20	42	22	31	27	17	31	9	30	10	38	17	30	26	27	31	15	32	13	60	17	65	14	63	34	77	16	53	80	13	131	96	234	165	226	161	402	395	422	259	149	169	349	394	189	41	298	244	42	277	759	951	875	482	609	816	1000	714	455	225	277	311	267	154	66	69	80	12	100	63	114	38	90	61	95	36	58	44	60	38	46	43
64	170	1	2	119	0	1953125	12	0.0	8018	2.40	0	0	V0.2	0	0	17	16	18	12	10	16	7	23	10	4	6	12	7	3	3	4	8	6	8	10	15	5	11	0	30	33	26	56	38	15	11	65	24	12	63	108	158	187	64	159	158	113	193	222	28	208	314	137	471	261	118	227	421	301	622	1000	979	167	157	392	272	85	34	84	79	43	53	60	42	40	23	49	28	50	32	17	20	34	27	5	9	24	8	5	7
64	170	1	2	119	0	1953125	12	0.0	8018	2.40	0	0	V0.2	0	0	17	16	18	12	10	16	7	23	10	4	6	12	7	3	3	4	8	6	8	10	15	5	11	0	30	33	26	56	38	15	11	65	24	12	63	108	158	187	64	159	158	113	193	222	28	208	314	137	471	261	118	227	421	301	622	1000	979	167	157	392	272	85	34	84	79	43	53	60	42	40	23	49	28	50	32	17	20	34	27	5	9	24	8	5	7
64	170	2	2	119	0	1953125	12	0.0	7743	2.35	0	0	V0.2	0	0	69	62	39	60	55	52	52	20	43	62	25	34	31	31	11	24	26	65	15	68	62	39	48	64	47	142	63	104	115	75	60	79	101	113	32	231	193	236	234	92	321	575	991	1000	978	834	357	79	308	631	672	886	933	814	779	565	358	344	229	84	83	131	88	106	183	117	240	128	98	80	85	111	26	50	39	75	42	37	42	66	13	52	49	72	37
64	170	2	2	119	0	1953125	12	0.0	0	0.68	0	0	V0.2	0	0	972	971	971	974	973	973	970	966	969	961	966	964	960	965	961	954	956	952	951	950	957	947	948	941	933	933	923	940	926	912	938	925	943	912	922	868	852	908	890	946	927	917	824	781	885	968	957	853	832	852	784	904	655	803	744	860	1000	757	802	872	841	852	829	850	840	817	834	819	818	796	803	798	799	799	781	778	782	779	769	772	770	764	760	750	758
64	170	2	2	119	0	1953125	12	0.0	7651	2.33	0	0	V0.2	0	0	21	22	15	18	16	23	12	11	21	17	7	0	12	13	5	10	14	12	8	13	24	17	23	27	11	16	33	14	40	22	17	68	21	65	58	79	47	126	125	114	135	154	190	49	296	95	247	108	342	580	261	188	458	863	471	150	1000	950	571	244	123	313	136	129	48	42	75	55	10	28	42	22	23	27	29	34	9	4	15	27	15	7	9	15	7
64	170	2	2	119	0	1953125	12	0.0	289	1.07	0	0	V0.2	0	0	550	530	460	453	493	435	372	356	338	321	256	162	208	220	153	200	231	284	242	328	421	420	435	475	598	591	588	620	691	712	692	693	716	786	725	721	761	706	749	591	854	497	812	569	605	617	666	655	561	473	399	976	478	698	825	104	829	623	394	1000	589	568	567	603	679	576	527	557	605	534	486	464	484	468	377	342	340	347	271	204	172	202	164	64	55
64	170	2	2	119	0	1953125	12	0.0	0	0.95	0	0	V0.2	0	0	249	218	236	178	287	220	274	191	236	252	239	293	146	261	180	307	228	192	218	192	331	136	258	86	309	276	189	264	127	386	146	309	184	254	363	181	619	238	424	55	613	584	373	620	203	622	508	552	670	523	999	590	442	164	934	790	782	602	300	616	218	378	237	587	600	78	264	68	467	333	149	236	165	400	131	264	130	254	276	170	259	44	264	151	245
