34928	35048	35167	35286	35405	35524	35644	35763	35882	36001	36120	36240	36359	36478	36597	36716	36836	36955	37074	37193	37313	37432	37551	37670	37789	37909	38028	38147	38266	38385	38505	38624	38743	38862	38981	39101	39220	39339	39458	39577	39697	39816	39935	40054	40174	40293	40412	40531	40650	40770	40889	41008	41127	41246	41366	41485	41604	41723	41842	41962	42081	42200	42319	42439	42558	42677	42796	42915	43035	43154	43273	43392	43511	43631	43750	43869	43988	44107	44227	44346	44465	44584	44703	44823	44942
64	170	1	2	119	0	1953125	12	0.0	0	0.95	0	0	V0.2	0	0	308	341	308	346	303	353	307	356	300	355	296	357	294	349	285	343	290	332	287	317	298	303	318	273	335	256	366	231	382	187	411	164	443	189	405	236	384	344	307	476	303	609	123	717	174	788	296	704	120	557	274	347	469	212	855	478	1000	584	822	339	623	122	527	78	455	207	393	307	311	352	220	384	171	394	142	373	161	354	195	318	212	290	236	259	244
64	170	1	2	119	0	1953125	12	0.0	0	0.95	0	0	V0.2	0	0	320	363	321	366	316	373	323	377	318	368	318	368	323	353	317	342	328	327	327	303	345	283	360	250	379	231	403	223	396	215	415	221	444	271	375	335	327	453	168	573	117	657	121	693	158	706	337	650	250	532	352	189	528	127	884	389	999	474	849	296	681	165	523	243	389	353	287	408	206	429	131	423	141	411	180	367	221	337	261	292	277	257	293	226	292
64	170	1	2	119	0	1953125	12	0.0	0	0.95	0	0	V0.2	0	0	339	316	353	312	357	310	362	313	363	304	359	304	358	306	345	300	336	305	324	311	299	326	279	352	254	362	233	378	224	404	196	443	186	433	272	389	322	281	485	190	574	60	655	154	685	237	799	180	580	237	270	478	101	598	330	868	531	1000	389	742	168	565	177	420	296	333	393	211	409	135	420	115	401	158	364	214	328	254	280	275	247	289	213	289	191
64	170	1	2	119	0	1953125	12	0.0	0	0.95	0	0	V0.2	0	0	380	341	389	342	390	341	399	344	398	340	393	338	389	341	374	336	363	343	348	354	316	372	294	398	259	411	240	424	236	451	231	462	261	431	342	399	380	251	571	115	643	27	684	229	763	349	854	279	610	357	335	571	103	792	526	972	553	1000	382	824	251	604	286	400	381	302	458	174	468	103	465	139	432	208	377	264	335	305	285	323	246	335	219	330	198
64	170	1	2	119	0	1953125	12	0.0	0	0.95	0	0	V0.2	0	0	372	384	369	391	366	399	365	408	355	407	347	410	340	407	326	405	323	399	311	391	318	377	334	358	342	348	373	324	411	258	457	227	504	185	517	186	477	327	447	456	476	622	313	732	337	829	379	705	139	616	136	474	434	441	966	693	1000	744	826	588	660	300	588	42	538	87	514	219	447	304	359	370	292	411	225	410	208	412	201	386	207	363	230	333	238
64	170	1	2	119	0	1953125	12	0.0	0	0.95	0	0	V0.2	0	0	363	385	383	378	387	372	402	368	409	354	410	347	416	337	408	322	405	322	400	308	387	323	375	340	366	350	351	382	303	436	256	487	226	513	201	530	247	471	437	463	502	395	666	298	766	283	885	151	658	58	516	367	344	665	560	915	752	1000	615	778	370	615	94	533	81	525	233	442	308	362	383	270	418	208	430	186	415	196	390	223	357	245	322	265	285
64	170	1	2	119	0	1953125	12	0.0	0	0.95	0	0	V0.2	0	0	404	352	412	357	408	363	411	369	404	372	393	381	381	383	359	394	339	396	323	402	294	413	281	427	257	431	265	426	308	399	363	387	387	348	478	249	477	192	574	177	655	359	591	551	639	676	637	530	361	477	146	490	146	609	714	1000	896	970	644	712	488	447	510	196	526	68	538	103	489	193	429	297	365	358	286	387	243	404	210	386	203	374	218	346	221
64	170	1	2	119	0	1953125	12	0.0	0	0.95	0	0	V0.2	0	0	386	394	386	404	377	412	378	422	366	420	357	428	349	419	336	418	334	407	324	400	325	390	344	371	350	361	384	339	417	280	472	232	519	204	508	208	488	343	445	478	469	598	379	789	384	819	404	736	123	535	167	472	403	492	965	670	1000	870	867	565	613	311	584	67	554	77	531	214	462	296	379	371	313	413	243	416	216	422	212	394	215	373	237	344	247
64	170	1	2	119	0	1953125	12	0.0	0	0.95	0	0	V0.2	0	0	386	394	386	404	377	412	378	422	366	420	357	428	349	419	336	418	334	407	324	400	325	390	344	371	350	361	384	339	417	280	472	232	519	204	508	208	488	343	445	478	469	598	379	789	384	819	404	736	123	535	167	472	403	492	965	670	1000	870	867	565	613	311	584	67	554	77	531	214	462	296	379	371	313	413	243	416	216	422	212	394	215	373	237	344	247
64	170	1	2	119	0	1953125	12	0.0	0	0.95	0	0	V0.2	0	0	389	360	406	352	407	352	418	354	417	342	414	343	416	334	404	329	399	336	385	331	368	348	349	377	327	392	303	420	265	462	208	520	196	516	203	520	290	430	481	440	567	379	718	292	793	268	917	206	705	28	502	374	459	648	753	1000	808	950	658	755	463	600	161	546	13	557	155	489	230	427	327	342	375	273	404	224	406	199	400	196	379	203	357	216	327
64	170	1	2	119	0	1953125	12	0.0	0	0.95	0	0	V0.2	0	0	386	348	401	345	402	346	410	346	409	337	408	337	408	332	395	325	388	332	376	333	355	353	331	381	307	395	285	424	243	463	199	514	177	512	211	505	315	383	509	395	584	319	746	240	796	279	945	102	651	6	498	428	439	697	600	939	781	1000	633	766	383	617	112	531	60	536	191	471	265	390	348	312	386	243	409	202	407	189	392	197	368	210	344	221	312
64	170	1	2	119	0	1953125	12	0.0	0	0.95	0	0	V0.2	0	0	296	336	296	339	292	346	296	349	290	344	291	345	287	336	284	326	289	318	289	299	300	282	320	251	333	237	361	219	367	185	402	161	424	195	396	242	339	404	214	499	234	626	82	684	140	753	225	563	91	472	323	238	527	184	829	484	1000	551	798	313	604	97	490	132	423	243	357	318	277	355	191	378	150	385	138	360	163	338	200	303	218	274	240	243	246
64	170	1	2	119	0	1953125	12	0.0	0	0.95	0	0	V0.2	0	0	305	355	307	356	305	362	311	363	307	356	309	355	313	340	308	330	319	318	317	294	330	280	348	246	359	233	381	224	382	202	398	205	429	237	370	286	327	435	160	548	145	636	67	705	136	730	250	563	185	436	395	151	501	169	948	470	1000	493	855	281	619	85	491	205	393	313	312	376	233	403	150	409	135	399	160	363	202	334	242	293	260	257	275	230	278
64	170	1	2	119	0	1953125	12	0.0	0	0.95	0	0	V0.2	0	0	303	352	306	353	301	360	310	361	307	352	308	350	312	337	307	326	316	311	317	289	329	274	345	242	356	227	381	220	375	213	395	206	423	249	365	289	302	428	151	538	111	614	72	698	153	696	293	595	225	370	330	159	598	193	902	397	1000	450	832	294	645	117	465	223	370	335	288	388	211	406	132	407	131	392	170	355	211	321	247	281	264	249	277	219	279
64	170	1	2	119	0	1953125	12	0.0	0	0.96	0	0	V0.2	0	0	379	424	380	435	399	431	394	423	407	426	409	402	403	401	411	390	393	373	403	378	390	348	397	356	403	335	397	323	458	289	462	258	489	271	496	300	436	406	503	481	483	547	423	734	398	717	373	528	198	462	254	562	557	568	1000	919	970	873	796	634	536	327	582	122	577	42	583	133	496	208	462	312	384	341	336	381	306	384	269	377	268	377	245	349	243
64	170	2	2	119	0	1953125	12	0.0	179	1.05	0	0	V0.2	0	0	86	92	64	95	44	99	18	99	5	87	32	65	45	29	58	3	59	45	58	81	43	123	17	160	28	169	96	190	89	209	185	272	243	295	298	297	390	331	503	408	577	523	691	674	944	703	999	833	930	864	828	538	694	678	734	511	869	746	711	508	651	373	422	164	274	53	105	121	125	146	145	181	129	154	121	115	48	107	31	65	33	81	30	57	53
64	170	2	2	119	0	1953125	12	0.0	6555	2.14	0	0	V0.2	0	0	54	43	42	46	52	38	43	38	43	28	34	19	30	15	35	28	37	20	47	30	58	39	80	17	85	40	123	68	47	74	120	114	242	149	257	96	393	179	344	371	163	481	275	747	761	253	781	1000	333	590	640	506	449	211	290	449	420	200	88	322	335	63	96	135	116	35	83	58	69	37	3	50	3	38	22	26	41	34	37	19	25	18	29	13	14
64	170	2	2	119	0	1953125	12	0.0	0	1.00	0	0	V0.2	0	0	954	958	979	988	977	974	990	1000	980	968	975	980	969	945	946	945	936	915	906	911	910	890	876	882	898	878	872	876	905	894	889	890	894	934	899	914	912	981	884	893	911	980	795	923	817	958	834	793	957	735	931	659	870	700	906	639	665	799	610	769	619	743	673	737	721	735	720	746	757	754	777	768	784	780	789	785	781	767	772	761	751	736	725	713	702
64	170	2	2	119	0	1953125	12	0.0	7893	2.37	0	0	V0.2	0	0	47	42	37	40	43	45	36	38	36	34	36	29	32	22	13	19	23	26	13	31	32	25	34	51	83	66	65	16	130	98	126	108	28	165	44	349	198	252	321	213	246	277	435	459	294	540	938	582	182	368	481	269	280	516	635	210	1000	878	538	599	459	347	273	209	211	51	193	118	110	41	54	55	60	53	24	47	31	32	17	11	4	10	6	10	10
64	170	2	2	119	0	1953125	12	0.0	0	0.43	0	0	V0.2	0	0	22	24	33	33	23	45	1	50	13	54	36	18	106	47	25	49	33	71	37	29	50	56	30	37	30	9	80	35	57	94	106	98	162	241	103	48	21	49	133	143	179	269	181	361	627	716	328	882	275	248	614	807	650	752	566	684	733	239	999	557	739	621	197	237	201	101	90	86	96	150	54	10	46	52	66	52	39	45	74	98	51	31	43	47	34
64	170	2	2	119	0	1953125	12	0.0	0	0.48	0	0	V0.2	0	0	5	12	18	21	23	15	4	7	19	26	29	22	11	2	17	29	34	30	20	6	15	32	46	50	61	37	21	33	43	80	104	79	106	93	77	124	111	125	110	108	183	121	278	216	357	355	478	499	481	847	807	968	1000	800	783	454	425	333	364	398	295	367	236	184	119	65	87	90	93	103	77	66	45	30	30	35	41	40	37	27	14	13	19	28	32
64	170	2	2	119	0	1953125	12	0.0	7923	2.38	0	0	V0.2	0	0	57	79	74	32	48	59	68	36	23	49	46	23	12	41	38	8	37	67	23	17	61	83	50	37	94	134	125	35	51	76	176	49	104	76	211	50	118	74	202	122	339	319	85	312	194	335	695	511	345	286	350	566	843	709	1000	913	601	212	867	493	214	342	128	199	107	206	127	211	192	97	22	89	158	108	38	51	107	83	30	19	81	60	27	29	49
64	170	2	2	119	0	1953125	12	0.0	0	0.59	0	0	V0.2	0	0	33	32	23	49	25	41	28	12	37	10	22	6	32	28	15	53	3	26	48	21	30	59	53	70	89	29	31	25	69	97	73	74	86	36	77	77	132	158	163	169	482	286	556	319	763	471	169	516	790	271	885	931	1000	381	852	806	39	391	681	987	311	333	64	109	158	24	8	64	36	39	60	15	69	22	80	31	134	4	70	41	65	29	84	5	25
64	170	2	2	119	0	1953125	12	0.0	0	0.64	0	0	V0.2	0	0	10	22	21	6	15	27	24	6	19	29	27	6	16	27	23	6	16	20	10	18	35	31	11	27	47	48	14	27	52	34	22	61	72	69	91	74	82	117	77	62	126	126	89	75	90	57	182	328	261	246	460	607	578	895	835	571	583	1000	764	318	350	456	352	225	169	142	138	123	101	50	57	62	40	19	31	35	21	4	25	35	26	15	29	39	28
64	170	2	2	119	0	1953125	12	0.0	7606	2.32	0	0	V0.2	0	0	19	43	45	20	19	30	42	20	4	29	35	23	16	32	32	20	23	43	43	8	24	56	48	5	30	45	80	46	38	75	49	77	27	71	11	181	108	111	165	183	159	159	259	107	78	404	187	271	346	331	169	661	580	659	579	634	1000	783	204	623	105	208	37	161	115	128	56	57	65	65	41	48	46	82	33	34	44	46	29	22	31	33	35	13	23
64	170	2	2	119	0	1953125	12	0.0	7601	2.32	0	0	V0.2	0	0	33	35	55	67	36	25	46	42	48	3	41	28	36	11	34	40	26	30	40	56	40	29	81	75	37	24	111	148	30	118	23	91	94	134	100	219	150	59	116	176	157	144	212	232	26	130	180	259	34	48	275	597	717	1000	930	673	410	313	330	371	295	71	126	14	62	200	171	90	83	125	78	41	6	118	82	26	17	88	71	20	27	65	42	14	21
64	170	2	2	119	0	1953125	12	0.0	0	0.44	0	0	V0.2	0	0	23	8	25	12	10	23	29	10	28	29	40	31	37	24	17	14	43	37	50	43	51	47	40	31	37	75	118	133	77	52	106	148	45	134	226	299	417	346	51	45	166	173	314	538	488	697	243	654	632	246	68	435	833	567	342	435	649	1000	221	460	259	86	173	130	68	196	130	67	46	6	50	72	78	67	88	79	53	51	41	50	34	44	37	46	25
64	170	2	2	119	0	1953125	12	0.0	0	0.96	0	0	V0.2	0	0	5	61	17	53	20	46	23	47	39	30	29	34	34	31	31	34	21	35	25	49	39	50	54	38	44	71	91	48	109	7	108	47	177	136	238	169	156	143	207	367	488	650	508	353	247	129	455	648	823	746	799	697	304	246	324	458	900	999	768	627	327	345	258	342	269	263	224	146	156	112	161	86	127	71	103	69	79	74	62	67	35	53	30	47	41
64	170	2	2	119	0	1953125	12	0.0	0	0.77	0	0	V0.2	0	0	289	285	313	280	291	315	273	305	315	274	318	309	270	325	295	258	317	264	252	307	241	258	308	228	293	318	225	322	302	189	312	321	144	360	296	144	423	382	140	521	454	176	722	399	329	414	424	434	847	453	485	1000	541	389	432	487	890	519	349	520	347	253	239	320	39	257	213	182	286	275	198	319	259	209	292	226	203	272	201	212	266	194	227	259	192
64	170	2	2	119	0	1953125	12	0.0	0	0.77	0	0	V0.2	0	0	289	285	313	280	291	315	273	305	315	274	318	309	270	325	295	258	317	264	252	307	241	258	308	228	293	318	225	322	302	189	312	321	144	360	296	144	423	382	140	521	454	176	722	399	329	414	424	434	847	453	485	1000	541	389	432	487	890	519	349	520	347	253	239	320	39	257	213	182	286	275	198	319	259	209	292	226	203	272	201	212	266	194	227	259	192
64	170	2	2	119	0	1953125	12	0.0	0	0.79	0	0	V0.2	0	0	296	269	265	301	258	279	301	253	296	291	256	308	272	254	295	242	260	282	227	284	271	232	286	246	234	265	213	257	269	229	284	265	237	300	261	257	250	199	258	414	67	455	412	108	399	490	293	705	426	324	822	406	464	654	617	713	1000	531	629	205	52	340	310	116	347	162	197	262	189	200	282	172	258	263	173	272	226	184	257	194	202	246	176	220	225
64	170	2	2	119	0	1953125	12	0.0	0	0.82	0	0	V0.2	0	0	7	39	27	24	48	12	46	56	9	41	41	18	20	28	41	13	32	46	26	39	36	71	59	37	105	77	39	114	66	88	113	62	173	171	199	356	326	303	440	348	319	318	284	493	676	637	857	803	403	461	564	558	350	200	478	914	1000	630	603	197	115	154	28	207	192	69	213	157	51	102	80	91	81	23	103	93	1	80	81	19	40	44	45	28	28
64	170	2	2	119	0	1953125	12	0.0	0	0.95	0	0	V0.2	0	0	227	261	226	271	228	267	229	271	227	273	223	265	229	259	230	249	230	237	238	226	240	211	258	185	285	151	289	160	285	153	328	143	335	262	252	305	170	295	232	444	90	505	129	364	156	376	108	460	262	410	349	296	455	418	1000	608	967	289	387	176	180	117	335	80	336	239	206	265	166	262	127	295	95	298	141	242	162	238	171	224	183	194	198	176	205
64	170	2	2	119	0	1953125	12	0.0	0	0.95	0	0	V0.2	0	0	59	19	63	3	65	14	57	25	46	29	35	27	30	20	46	31	55	35	60	39	55	43	68	70	73	110	66	113	48	150	54	170	114	236	265	230	333	150	160	53	113	187	502	643	857	980	834	720	318	207	178	207	400	566	840	736	1000	803	808	557	366	182	109	117	226	273	230	296	183	200	118	117	118	126	146	90	128	62	82	40	76	53	65	62	61
64	170	2	2	119	0	1953125	12	0.0	0	0.95	0	0	V0.2	0	0	276	321	282	329	279	328	280	331	285	328	279	322	287	313	284	301	284	295	292	275	302	248	326	226	327	213	340	197	378	178	363	257	322	295	304	234	403	422	341	727	143	544	339	275	236	553	275	864	610	700	914	432	659	115	443	292	1000	587	891	261	440	171	367	201	295	256	239	286	216	330	150	364	127	347	165	315	186	302	214	269	237	231	252	204	245
64	170	2	2	119	0	1953125	12	0.0	0	0.95	0	0	V0.2	0	0	300	336	301	346	299	347	301	351	297	352	291	350	289	342	288	331	291	321	288	315	296	290	328	254	333	248	345	231	411	138	459	237	375	375	224	312	408	168	506	557	268	602	40	558	116	546	79	724	372	834	617	448	663	344	881	480	1000	307	577	231	423	202	611	164	500	316	277	304	261	307	229	374	143	389	154	338	186	327	190	315	213	280	236	244	251
64	170	2	2	119	0	1953125	12	0.0	0	0.94	0	0	V0.2	0	0	23	42	29	35	39	25	41	18	44	15	47	21	44	26	48	31	53	31	61	33	82	48	84	66	73	76	71	98	85	164	109	214	176	180	214	59	88	71	171	153	219	132	288	300	337	376	392	426	473	507	493	494	548	595	860	898	1000	615	395	241	196	193	277	238	225	258	148	155	97	102	108	89	132	89	121	68	86	63	60	63	57	69	50	67	52
64	170	2	2	119	0	1953125	12	0.0	0	0.95	0	0	V0.2	0	0	262	286	265	300	259	299	260	305	259	304	251	299	254	296	248	291	241	286	249	271	249	255	270	237	286	208	302	202	309	192	328	170	346	172	372	170	387	310	377	506	71	445	271	215	308	624	359	886	504	686	655	191	385	142	669	551	1000	513	653	84	345	141	254	123	335	104	305	196	267	262	199	297	161	305	146	296	149	289	162	269	179	242	192	221	197
64	170	1	2	119	0	1953125	12	0.0	0	0.95	0	0	V0.2	0	0	81	8	72	18	63	26	59	37	48	47	39	46	37	39	41	39	48	32	64	60	80	89	60	103	31	110	69	163	63	170	106	99	35	189	249	347	450	397	489	345	302	190	78	175	431	571	654	691	726	822	904	733	601	448	587	315	554	865	1000	865	771	516	317	245	161	262	176	251	180	237	206	133	151	104	156	81	148	95	112	74	92	85	61	69	57
64	170	2	2	119	0	1953125	12	0.0	0	0.95	0	0	V0.2	0	0	289	329	292	344	295	346	280	349	286	357	281	344	273	343	288	330	274	318	284	315	307	268	317	254	343	231	375	170	429	160	422	248	332	271	380	239	371	256	478	515	343	721	179	693	199	555	141	693	446	979	1000	709	873	294	709	124	501	505	767	454	708	317	711	252	419	244	305	302	277	332	192	375	156	388	142	335	163	346	188	313	199	277	239	247	246
