34928	35048	35167	35286	35405	35524	35644	35763	35882	36001	36120	36240	36359	36478	36597	36716	36836	36955	37074	37193	37313	37432	37551	37670	37789	37909	38028	38147	38266	38385	38505	38624	38743	38862	38981	39101	39220	39339	39458	39577	39697	39816	39935	40054	40174	40293	40412	40531	40650	40770	40889	41008	41127	41246	41366	41485	41604	41723	41842	41962	42081	42200	42319	42439	42558	42677	42796	42915	43035	43154	43273	43392	43511	43631	43750	43869	43988	44107	44227	44346	44465	44584	44703	44823	44942
64	170	1	2	119	0	1953125	12	0.0	0	0.95	0	0	V0.2	0	0	281	266	292	261	294	261	306	261	308	253	311	249	316	238	308	229	310	228	301	224	287	227	278	242	265	259	255	284	212	322	164	382	117	426	71	473	83	478	190	468	223	358	422	178	706	424	917	389	780	233	556	147	522	421	774	767	1000	867	865	664	585	490	333	398	144	418	28	405	100	388	182	342	235	286	280	236	295	196	301	161	293	139	291	125	275
64	170	1	2	119	0	1953125	12	0.0	0	0.95	0	0	V0.2	0	0	228	251	225	254	224	264	224	269	216	270	212	276	208	269	201	269	206	255	205	240	217	228	234	202	243	187	267	168	277	122	315	91	362	84	366	124	382	224	345	296	342	321	60	554	222	737	391	642	232	506	266	336	426	303	870	678	999	720	858	520	556	238	452	51	379	82	326	200	275	264	224	299	163	317	109	313	89	304	96	277	117	258	140	230	155
64	170	1	2	119	0	1953125	12	0.0	0	0.95	0	0	V0.2	0	0	57	34	56	29	67	13	58	1	54	5	50	20	46	19	52	26	55	25	71	22	86	28	97	49	112	82	117	101	91	156	74	196	103	251	134	304	202	335	291	327	345	179	363	430	643	678	826	655	624	525	360	226	188	133	594	700	1000	936	908	737	644	478	476	316	365	285	249	261	191	259	161	221	147	191	143	140	140	115	122	82	112	72	89	69	83
64	170	1	2	119	0	1953125	12	0.0	0	0.95	0	0	V0.2	0	0	192	235	198	235	199	235	211	234	212	227	213	227	220	217	218	201	233	185	239	161	243	151	252	119	270	109	271	131	256	138	256	201	273	300	178	365	146	396	86	432	110	419	120	399	362	486	614	459	467	303	380	296	268	123	658	501	999	739	930	553	667	401	393	282	211	296	119	328	43	343	50	314	109	276	154	240	186	202	210	164	215	136	217	114	214
64	170	1	2	119	0	1953125	12	0.0	0	0.95	0	0	V0.2	0	0	22	70	13	71	18	66	24	58	30	53	40	44	37	49	41	58	44	66	48	70	71	74	90	70	113	60	145	42	159	66	176	132	243	226	245	321	135	263	89	338	269	351	377	547	843	904	990	393	407	386	577	554	646	739	900	855	892	1000	743	788	638	638	497	313	310	186	283	217	261	239	184	220	159	223	122	167	110	152	112	114	108	91	102	84	98
64	170	1	2	119	0	1953125	12	0.0	0	0.95	0	0	V0.2	0	0	180	223	186	222	185	226	192	228	194	220	196	218	202	207	203	193	213	184	214	162	226	148	237	118	245	106	255	119	240	130	244	158	262	211	214	256	218	345	111	405	132	345	212	391	325	575	538	431	316	548	429	224	541	224	770	592	1000	491	663	355	617	254	378	174	246	246	166	311	92	313	28	309	59	281	108	250	142	220	169	183	182	157	195	127	197
64	170	1	2	119	0	1953125	12	0.0	0	0.95	0	0	V0.2	0	0	175	213	177	215	172	222	179	225	175	219	178	223	179	210	179	205	192	189	195	167	212	155	221	125	228	115	251	90	252	106	262	105	304	151	267	214	237	304	180	350	158	326	41	456	285	600	358	494	308	410	384	199	427	167	731	477	1000	666	817	418	519	138	344	88	311	197	227	252	164	288	93	292	47	289	47	267	87	241	120	211	140	184	160	153	169
64	170	1	2	119	0	1953125	12	0.0	224	1.06	0	0	V0.2	0	0	51	47	55	33	63	13	60	13	61	28	50	50	38	48	21	52	28	45	56	42	97	45	93	11	107	15	96	43	89	82	64	162	109	136	13	209	90	130	129	238	187	316	237	447	407	509	513	423	217	37	147	68	169	514	1000	936	985	744	986	890	779	554	537	373	325	178	243	116	155	120	204	119	145	99	119	67	68	76	45	72	47	68	41	64	47
64	170	1	2	119	0	1953125	12	0.0	4427	1.78	0	0	V0.2	0	0	40	35	29	33	41	34	29	34	31	29	17	18	32	26	17	27	38	25	23	40	36	43	50	47	17	59	54	83	61	94	62	38	140	65	35	188	281	6	141	94	35	247	241	463	398	378	721	296	540	350	217	241	338	157	490	943	1000	594	271	805	505	385	280	198	71	170	47	88	29	79	11	52	40	47	16	22	35	21	19	21	29	24	20	27	35
64	170	1	2	119	0	1953125	12	0.0	4245	1.75	0	0	V0.2	0	0	78	27	74	24	68	40	57	22	58	20	52	29	44	18	46	39	53	20	45	22	33	79	96	64	92	81	60	75	82	78	72	92	92	74	87	210	362	438	557	371	143	175	409	327	128	173	524	558	438	244	485	849	1000	882	556	320	125	367	395	622	507	457	353	295	334	203	173	137	244	182	194	69	168	89	118	50	135	72	87	57	111	70	68	64	84
64	170	2	2	119	0	1953125	12	0.0	174	1.05	0	0	V0.2	0	0	235	195	143	175	211	191	112	121	165	147	66	70	122	99	17	95	135	100	60	150	198	172	109	201	275	248	149	247	338	307	165	237	337	365	228	271	288	513	197	199	314	668	525	105	548	571	569	602	819	364	165	451	390	284	1000	777	932	838	822	206	300	380	324	272	172	298	309	286	121	184	298	233	119	125	203	194	123	66	135	144	84	9	56	72	64
64	170	2	2	119	0	1953125	12	0.0	0	0.42	0	0	V0.2	0	0	6	5	1	4	8	11	15	16	14	14	10	5	3	7	14	18	24	25	27	27	21	25	28	29	49	62	76	95	86	89	58	43	33	140	132	203	310	332	423	355	252	262	19	240	408	383	626	479	548	592	587	341	385	260	734	439	1000	744	675	531	327	66	23	37	8	20	40	22	32	46	49	51	43	38	36	27	18	20	21	20	22	25	21	17	13
64	170	2	2	119	0	1953125	12	0.0	0	0.46	0	0	V0.2	0	0	18	21	18	13	3	7	17	24	26	20	13	4	13	24	31	34	26	19	13	28	39	42	44	29	22	23	48	70	97	101	59	65	69	79	153	180	252	300	299	362	366	504	569	478	479	493	298	218	136	355	344	586	536	948	774	907	1000	726	526	252	45	78	120	68	55	110	122	125	78	70	14	28	59	77	73	52	26	11	36	51	51	43	29	18	24
64	170	2	2	119	0	1953125	12	0.0	86	1.03	0	0	V0.2	0	0	39	5	56	11	32	24	55	7	40	45	44	27	47	53	16	46	52	43	30	65	59	30	74	81	52	21	110	58	71	81	179	91	131	106	150	87	136	157	226	26	320	286	247	40	217	227	196	287	494	446	452	976	1000	773	471	604	993	732	322	22	363	319	185	74	191	103	71	148	160	72	86	126	106	68	91	102	50	79	79	64	23	80	65	37	53
64	170	2	2	119	0	1953125	12	0.0	0	0.51	0	0	V0.2	0	0	24	21	11	1	14	24	27	23	10	2	17	28	30	26	12	13	28	41	40	39	24	21	48	65	87	71	77	73	83	109	119	116	111	89	135	182	232	239	334	225	440	436	374	306	378	271	307	505	186	784	326	606	383	732	555	639	1000	633	673	608	238	259	345	208	241	177	94	123	97	106	127	113	99	68	51	46	53	55	60	47	35	31	35	37	40
64	170	2	2	119	0	1953125	12	0.0	0	0.54	0	0	V0.2	0	0	23	27	23	15	16	26	31	27	18	22	28	36	34	24	23	35	44	42	38	33	46	66	60	59	37	51	72	96	97	97	96	127	146	186	183	217	240	269	286	265	319	300	357	348	378	383	515	423	707	931	806	1000	440	728	529	852	671	587	267	512	397	333	147	69	37	74	116	119	130	89	67	65	76	86	71	45	29	40	56	58	42	21	27	45	51
64	170	2	2	119	0	1953125	12	0.0	0	0.57	0	0	V0.2	0	0	12	2	13	20	19	9	6	17	23	17	6	13	24	27	17	8	21	33	33	19	14	35	42	30	21	6	43	63	66	53	47	62	86	68	94	55	80	117	64	90	172	141	172	232	55	180	116	245	289	478	311	851	739	1000	729	877	860	425	562	151	224	205	225	128	66	8	49	57	64	54	32	13	46	53	45	18	22	47	46	32	9	20	37	36	21
64	170	2	2	119	0	1953125	12	0.0	0	0.60	0	0	V0.2	0	0	12	23	26	17	12	24	30	24	17	29	36	33	23	32	43	42	32	35	47	52	40	37	55	68	67	50	62	89	104	109	91	110	137	139	115	139	172	204	183	225	215	292	236	295	339	371	446	433	499	632	813	681	968	1000	908	880	780	487	171	281	36	82	44	112	164	126	83	53	69	89	97	76	49	69	80	72	42	39	59	63	44	27	42	55	44
64	170	2	2	119	0	1953125	12	0.0	0	0.61	0	0	V0.2	0	0	16	13	21	25	21	16	22	28	24	17	24	31	28	20	27	36	36	25	32	40	38	25	29	42	49	40	26	34	53	64	75	84	112	116	128	102	121	163	197	206	218	282	212	272	136	145	176	121	243	352	555	552	727	992	963	986	997	1000	753	446	330	304	245	145	62	31	41	59	102	73	50	60	76	72	46	39	57	63	45	32	44	53	42	27	39
64	170	2	2	119	0	1953125	12	0.0	0	0.42	0	0	V0.2	0	0	8	9	9	9	7	7	8	7	8	9	7	7	7	9	11	13	17	15	17	11	9	5	11	8	10	28	18	10	28	22	13	54	46	53	114	190	157	170	181	191	191	306	327	164	148	294	517	417	315	309	316	634	734	748	374	251	658	1000	697	376	37	238	251	162	106	34	8	10	24	10	31	48	54	26	7	20	13	4	13	21	22	21	19	19	16
64	170	2	2	119	0	1953125	12	0.0	0	0.65	0	0	V0.2	0	0	32	30	14	24	36	29	15	29	33	19	18	37	34	14	27	44	38	28	46	56	40	39	73	80	50	50	95	99	70	56	109	104	118	99	93	94	148	299	329	209	153	296	458	378	381	498	659	608	517	630	563	673	831	683	862	999	643	922	1000	636	388	473	381	195	165	158	154	104	55	28	65	86	59	52	78	86	59	37	58	65	41	22	46	44	25
64	170	2	2	119	0	1953125	12	0.0	0	0.65	0	0	V0.2	0	0	16	4	9	16	13	2	12	15	6	12	23	21	8	20	29	21	9	23	27	12	14	27	33	19	23	69	64	53	75	91	88	38	66	109	192	248	249	291	298	326	257	34	165	192	142	199	325	180	174	189	404	345	603	827	872	765	679	1000	636	237	268	248	251	125	142	128	122	85	78	84	76	34	34	65	54	23	47	68	51	21	42	53	33	14	37
64	170	2	2	119	0	1953125	12	0.0	0	0.67	0	0	V0.2	0	0	216	238	226	208	226	233	210	214	236	221	198	226	238	206	201	236	221	191	214	232	195	196	241	217	155	200	245	173	133	276	258	106	241	329	131	193	240	333	311	99	453	515	178	479	765	182	287	550	554	556	553	453	461	461	212	196	784	844	1000	511	446	697	666	339	81	250	318	204	53	228	269	147	126	249	219	120	157	208	164	133	189	185	132	156	191
64	170	2	2	119	0	1953125	12	0.0	0	0.66	0	0	V0.2	0	0	115	123	107	102	120	120	99	106	126	116	97	112	128	110	95	123	129	106	105	134	121	92	107	147	112	72	126	175	95	89	187	170	58	71	121	260	147	104	185	307	80	254	470	264	186	383	350	442	262	322	695	518	164	114	580	1000	867	232	523	308	139	198	216	147	42	189	184	101	28	134	171	70	44	137	146	74	73	131	115	62	96	126	98	69	111
64	170	2	2	119	0	1953125	12	0.0	0	0.69	0	0	V0.2	0	0	27	16	3	20	29	19	8	17	28	24	10	19	29	26	20	25	27	25	28	37	39	32	18	20	32	28	23	45	61	99	101	154	185	184	191	157	240	195	339	215	334	85	144	85	322	580	620	761	823	865	1000	948	504	126	96	367	634	593	874	725	580	532	483	330	143	109	96	136	113	71	64	100	78	48	54	70	59	32	36	58	60	35	21	46	47
64	170	2	2	119	0	1953125	12	0.0	0	0.69	0	0	V0.2	0	0	13	27	20	2	22	29	13	10	24	20	5	19	25	19	17	27	32	21	23	28	29	20	34	60	37	40	45	92	102	106	128	160	182	168	263	208	179	89	255	295	261	296	367	560	339	439	185	408	501	455	769	682	953	1000	933	586	510	304	191	587	609	459	204	232	131	69	59	63	59	45	13	74	59	26	51	66	27	30	61	46	9	41	51	26	18
64	170	2	2	119	0	1953125	12	0.0	0	0.68	0	0	V0.2	0	0	128	148	149	123	129	149	135	120	141	139	115	126	144	118	111	140	131	100	124	138	111	106	137	119	91	135	141	85	148	155	123	90	157	159	121	62	235	104	73	96	255	125	29	258	391	224	364	567	342	351	548	717	486	418	192	253	244	1000	563	134	89	404	264	85	129	238	162	40	151	162	84	82	145	103	53	113	134	79	89	132	108	73	118	125	83
64	170	2	2	119	0	1953125	12	0.0	0	0.67	0	0	V0.2	0	0	19	25	13	10	25	22	7	18	29	19	3	24	28	14	11	28	19	1	26	38	20	14	49	52	41	28	49	54	69	86	89	105	110	167	191	171	119	280	338	397	438	441	442	225	458	302	257	307	390	330	170	296	797	1000	442	282	684	902	977	500	447	486	313	202	152	215	180	99	129	158	106	58	75	76	42	39	59	49	25	32	38	22	20	30	24
64	170	2	2	119	0	1953125	12	0.0	0	0.67	0	0	V0.2	0	0	14	14	24	18	8	18	21	13	18	24	21	13	24	28	18	23	35	26	18	30	32	32	53	75	70	63	76	79	80	82	115	141	173	122	114	161	167	143	151	129	62	200	246	317	267	381	280	525	560	791	1000	518	820	618	380	429	277	984	662	522	411	307	166	109	232	177	95	115	163	130	68	47	97	72	21	56	81	55	10	58	61	18	44	68	49
64	170	2	2	119	0	1953125	12	0.0	0	0.67	0	0	V0.2	0	0	14	14	24	18	8	18	21	13	18	24	21	13	24	28	18	23	35	26	18	30	32	32	53	75	70	63	76	79	80	82	115	141	173	122	114	161	167	143	151	129	62	200	246	317	267	381	280	525	560	791	1000	518	820	618	380	429	277	984	662	522	411	307	166	109	232	177	95	115	163	130	68	47	97	72	21	56	81	55	10	58	61	18	44	68	49
64	170	2	2	119	0	1953125	12	0.0	2656	1.48	0	0	V0.2	0	0	42	44	22	8	22	29	45	39	31	25	24	36	28	45	44	33	46	17	54	51	68	78	37	78	27	75	98	48	125	71	174	63	191	80	138	95	203	152	26	481	272	329	340	420	132	374	530	465	547	274	121	486	801	467	999	526	118	279	377	94	347	406	152	104	301	117	147	74	82	80	39	69	13	47	70	68	67	38	52	43	59	51	37	37	46
64	170	2	2	119	0	1953125	12	0.0	1411	1.26	0	0	V0.2	0	0	6	31	47	12	39	40	30	27	52	34	27	54	41	41	30	55	25	31	41	65	28	52	75	33	78	60	100	68	160	107	149	232	49	226	140	162	276	119	212	168	348	302	126	349	97	230	70	429	301	291	648	405	157	584	808	386	689	1000	667	229	445	533	351	218	306	190	137	110	43	129	52	73	84	87	25	74	73	48	60	58	60	33	78	35	51
64	170	2	2	119	0	1953125	12	0.0	1411	1.26	0	0	V0.2	0	0	6	31	47	12	39	40	30	27	52	34	27	54	41	41	30	55	25	31	41	65	28	52	75	33	78	60	100	68	160	107	149	232	49	226	140	162	276	119	212	168	348	302	126	349	97	230	70	429	301	291	648	405	157	584	808	386	689	1000	667	229	445	533	351	218	306	190	137	110	43	129	52	73	84	87	25	74	73	48	60	58	60	33	78	35	51
64	170	2	2	119	0	1953125	12	0.0	1079	1.20	0	0	V0.2	0	0	39	40	25	22	29	39	19	22	25	38	5	23	23	34	7	17	27	32	18	27	41	53	18	42	49	89	9	65	19	97	8	88	86	189	141	80	116	126	107	193	193	114	126	25	176	257	311	151	251	398	651	654	534	563	599	898	1000	913	687	470	360	210	121	28	195	159	204	131	106	97	72	63	47	90	80	93	34	73	51	65	25	56	51	55	36
64	170	2	2	119	0	1953125	12	0.0	0	0.49	0	0	V0.2	0	0	18	18	19	19	17	19	18	16	16	16	14	11	12	8	10	10	10	14	19	22	21	29	34	38	51	46	53	54	66	109	107	118	160	128	172	111	147	210	257	361	360	354	469	530	350	504	613	414	588	678	732	508	749	577	646	903	353	1000	794	310	553	163	248	99	60	87	6	47	29	57	55	55	64	59	50	46	33	36	26	22	20	18	15	13	12
64	170	2	2	119	0	1953125	12	0.0	0	0.44	0	0	V0.2	0	0	10	17	22	25	22	20	13	6	14	23	29	32	33	25	19	14	19	34	42	50	52	47	47	39	38	58	65	68	96	81	117	83	99	71	150	187	205	319	345	400	437	474	462	576	697	600	999	695	841	913	842	905	896	849	881	552	812	501	379	257	227	179	160	294	177	136	157	123	102	86	69	57	62	77	76	74	66	54	39	19	16	29	39	47	44
64	170	2	2	119	0	1953125	12	0.0	0	0.43	0	0	V0.2	0	0	0	5	12	16	17	16	13	8	2	4	11	18	21	22	21	14	8	7	15	27	34	40	37	34	37	23	25	22	26	50	62	99	79	93	97	74	114	50	171	143	174	202	288	265	291	403	138	410	258	440	712	779	1000	637	970	708	926	708	504	713	359	382	263	219	149	105	101	43	42	40	53	51	55	64	58	55	43	33	20	9	16	26	36	36	38
64	170	2	2	119	0	1953125	12	0.0	0	0.42	0	0	V0.2	0	0	19	17	17	16	18	26	29	30	28	21	14	11	14	26	34	40	47	49	42	19	5	28	43	78	87	104	99	90	87	80	104	104	190	191	244	260	306	263	259	181	341	352	416	633	557	690	676	633	695	275	321	303	469	432	135	717	493	999	811	965	683	460	397	144	119	43	30	51	41	53	66	99	93	98	80	60	34	11	15	37	50	61	61	57	48
64	170	2	2	119	0	1953125	12	0.0	151	1.05	0	0	V0.2	0	0	74	49	51	66	44	68	25	69	8	69	19	47	28	43	35	14	60	19	52	57	78	54	48	122	73	111	30	153	37	157	64	221	57	218	110	227	44	78	86	146	222	24	276	397	658	710	941	853	719	675	1000	944	927	671	510	722	824	671	784	603	535	491	361	271	335	214	221	43	190	71	183	85	185	100	166	108	143	98	106	93	79	77	62	69	55
64	170	2	2	119	0	1953125	12	0.0	0	0.52	0	0	V0.2	0	0	25	25	20	11	9	18	26	29	24	15	11	19	29	31	25	19	15	21	36	33	33	27	14	29	42	29	43	31	22	26	57	39	65	58	64	49	175	149	116	163	107	213	247	276	418	286	538	219	471	626	541	866	832	577	852	916	782	1000	883	638	521	250	262	307	226	263	200	162	102	72	81	106	103	85	60	23	33	54	58	49	27	9	27	41	39
