34928	35048	35167	35286	35405	35524	35644	35763	35882	36001	36120	36240	36359	36478	36597	36716	36836	36955	37074	37193	37313	37432	37551	37670	37789	37909	38028	38147	38266	38385	38505	38624	38743	38862	38981	39101	39220	39339	39458	39577	39697	39816	39935	40054	40174	40293	40412	40531	40650	40770	40889	41008	41127	41246	41366	41485	41604	41723	41842	41962	42081	42200	42319	42439	42558	42677	42796	42915	43035	43154	43273	43392	43511	43631	43750	43869	43988	44107	44227	44346	44465	44584	44703	44823	44942
64	170	1	2	119	0	1953125	12	0.0	0	0.95	0	0	V0.2	0	0	140	113	141	118	136	124	142	135	129	137	125	147	110	150	93	155	78	159	61	152	47	158	53	161	52	165	80	171	110	156	140	165	202	150	235	160	265	107	307	173	398	185	326	286	388	463	529	401	341	271	121	213	256	500	880	944	1000	976	714	701	460	469	270	269	218	211	233	136	242	97	243	77	218	89	185	98	152	115	114	115	87	118	64	115	47
64	170	1	2	119	0	1953125	12	0.0	0	0.95	0	0	V0.2	0	0	95	142	99	140	100	143	107	143	112	134	115	132	127	116	128	101	139	85	141	61	149	45	154	19	162	15	181	38	165	78	165	121	187	159	153	231	140	290	117	371	222	351	143	319	306	467	492	433	334	236	239	27	334	441	908	803	1000	792	761	558	544	332	343	196	246	196	177	216	123	220	83	218	56	196	71	168	87	141	98	105	99	85	106	61	101
64	170	1	2	119	0	1953125	12	0.0	0	0.95	0	0	V0.2	0	0	130	132	131	136	126	145	127	155	113	157	105	167	95	162	81	164	76	162	73	148	79	146	99	139	108	136	142	130	170	108	189	99	251	71	268	102	287	124	300	234	396	275	261	352	293	546	509	483	356	347	95	166	349	514	978	883	1000	925	666	668	509	438	340	251	267	158	261	106	253	114	236	132	194	150	145	155	107	158	65	148	42	141	21	128	22
64	170	1	2	119	0	1953125	12	0.0	0	0.95	0	0	V0.2	0	0	147	115	151	118	149	124	153	135	144	134	141	144	126	147	111	153	97	155	77	155	54	164	46	173	26	177	44	188	80	179	109	198	161	178	211	192	246	127	317	182	418	121	309	228	405	412	578	368	368	191	149	212	262	548	855	948	980	1000	714	718	431	472	246	289	192	237	203	167	224	119	238	73	225	53	200	63	175	82	141	92	111	98	89	102	69
64	170	1	2	119	0	1953125	12	0.0	0	0.95	0	0	V0.2	0	0	100	137	100	140	95	147	100	153	94	148	96	150	102	140	98	132	109	120	115	99	124	85	141	61	151	49	177	33	178	19	198	56	244	82	216	148	225	226	187	310	253	335	146	386	257	513	442	449	270	314	168	107	383	385	836	779	1000	826	781	598	522	348	349	165	266	151	222	159	181	182	146	202	97	196	59	179	29	164	43	137	48	120	67	98	69
64	170	1	2	119	0	1953125	12	0.0	0	0.95	0	0	V0.2	0	0	94	133	96	133	94	138	98	143	96	136	95	139	102	128	101	118	113	106	116	85	127	72	137	44	151	30	172	16	169	33	187	68	223	104	196	175	209	217	152	316	224	328	116	318	233	452	458	451	285	291	176	75	319	298	787	754	1000	804	733	577	537	313	327	150	257	156	206	176	158	192	117	201	66	190	43	172	43	156	58	126	66	105	78	82	78
64	170	1	2	119	0	1953125	12	0.0	0	0.95	0	0	V0.2	0	0	138	126	140	132	135	142	136	152	122	154	115	165	105	165	86	168	78	166	66	156	67	158	82	156	90	157	118	151	147	130	177	132	251	126	274	153	287	116	326	180	386	225	264	303	319	502	474	438	311	304	149	293	370	505	945	957	1000	975	722	698	505	476	315	268	284	202	272	123	259	101	246	103	216	127	172	137	133	151	93	142	64	140	41	131	32
64	170	1	2	119	0	1953125	12	0.0	0	0.95	0	0	V0.2	0	0	17	64	17	60	27	51	37	40	35	36	36	28	34	35	31	41	33	49	35	56	59	61	73	69	110	63	140	52	156	61	172	116	210	165	202	266	184	330	230	415	317	412	327	407	514	531	683	404	443	217	256	171	242	539	805	929	1000	994	721	804	589	543	377	333	309	241	276	177	249	176	205	179	160	173	115	155	87	131	78	114	74	90	79	77	73
64	170	1	2	119	0	1953125	12	0.0	0	0.95	0	0	V0.2	0	0	121	108	121	112	117	121	118	128	109	132	103	141	90	143	74	145	64	147	49	141	53	140	72	132	68	140	88	142	131	121	162	111	184	103	206	126	254	124	300	184	366	172	207	266	273	410	428	362	298	295	118	208	253	476	748	834	992	999	777	722	477	404	255	206	185	144	205	101	222	88	222	83	196	100	159	116	127	125	90	120	66	119	44	112	35
64	170	1	2	119	0	1953125	12	0.0	0	0.95	0	0	V0.2	0	0	121	108	121	112	117	121	118	128	109	132	103	141	90	143	74	145	64	147	49	141	53	140	72	132	68	140	88	142	131	121	162	111	184	103	206	126	254	124	300	184	366	172	207	266	273	410	428	362	298	295	118	208	253	476	748	834	992	999	777	722	477	404	255	206	185	144	205	101	222	88	222	83	196	100	159	116	127	125	90	120	66	119	44	112	35
64	170	1	2	119	0	1953125	12	0.0	0	0.95	0	0	V0.2	0	0	17	57	20	53	28	42	30	33	26	31	30	19	22	24	19	29	21	35	19	46	37	49	55	59	81	57	105	46	117	22	136	67	186	109	161	171	164	258	192	316	176	216	119	227	302	376	465	292	338	221	165	233	359	604	970	1000	951	875	709	826	616	545	377	311	268	207	242	159	230	145	191	149	155	150	112	137	78	123	72	108	68	88	71	76	69
64	170	1	2	119	0	1953125	12	0.0	0	0.95	0	0	V0.2	0	0	53	31	55	25	56	17	51	5	48	7	42	11	35	9	39	15	46	18	56	11	73	24	85	47	106	79	122	108	103	170	63	198	111	221	135	292	146	230	218	286	391	301	347	238	425	469	659	448	403	244	133	285	385	595	1000	702	827	772	798	749	679	477	443	277	276	236	198	221	125	216	133	191	120	147	120	105	118	87	109	62	98	63	79	61	68
64	170	1	2	119	0	1953125	12	0.0	0	0.95	0	0	V0.2	0	0	98	125	97	128	92	134	94	139	88	142	84	142	84	136	81	133	86	121	95	105	108	92	118	82	137	69	164	49	163	30	189	55	233	76	241	137	243	184	197	251	292	339	166	318	195	434	375	424	237	257	178	118	343	567	1000	763	825	716	761	634	537	384	360	179	242	135	243	136	189	151	175	180	112	179	77	166	44	166	33	139	34	130	48	105	57
64	170	1	2	119	0	1953125	12	0.0	0	0.96	0	0	V0.2	0	0	129	126	140	123	146	118	152	121	153	116	149	116	147	113	138	109	135	100	126	91	127	83	126	64	131	57	140	40	149	52	144	74	177	97	208	188	179	175	166	309	149	277	64	378	287	474	324	435	255	163	230	90	394	546	1000	788	958	739	694	524	510	305	340	158	275	135	228	156	196	180	150	187	99	182	59	169	27	159	1	136	11	127	31	107	32
64	170	1	2	119	0	1953125	12	0.0	4701	1.83	0	0	V0.2	0	0	41	33	36	38	41	41	31	35	25	33	25	26	22	22	20	24	30	30	22	41	27	42	23	75	51	65	29	49	57	78	30	138	24	186	77	212	149	18	79	192	257	212	351	323	126	444	443	250	197	164	268	744	759	535	1000	64	848	773	475	607	479	347	329	182	139	32	86	16	29	22	56	31	47	32	22	19	22	19	4	3	11	1	11	8	17
64	170	1	2	119	0	1953125	12	0.0	84	1.03	0	0	V0.2	0	0	65	53	46	77	63	55	41	78	48	66	50	88	44	78	65	96	46	93	86	105	73	110	116	133	114	157	157	173	134	194	138	172	91	231	115	201	61	115	12	79	84	119	34	257	286	344	257	387	628	741	509	486	578	943	807	977	951	1000	859	847	644	644	566	447	371	356	343	211	213	216	215	103	139	151	165	95	142	138	138	89	130	115	104	77	109
64	170	1	2	119	0	1953125	12	0.0	0	0.46	0	0	V0.2	0	0	9	12	16	21	21	17	13	8	5	12	18	20	22	20	16	11	14	16	19	23	20	17	3	4	20	34	56	45	36	2	22	55	51	41	133	138	231	143	117	177	188	82	133	109	177	121	125	112	114	468	186	277	380	370	203	993	1000	741	766	531	542	486	298	346	194	215	158	95	64	23	35	45	35	48	45	41	28	10	6	14	24	27	25	21	13
64	170	1	2	119	0	1953125	12	0.0	5897	2.03	0	0	V0.2	0	0	32	34	22	19	36	33	35	16	28	41	30	16	27	29	24	14	24	37	27	16	18	43	36	53	48	64	9	62	123	125	110	80	237	52	135	355	281	324	384	371	320	329	76	286	260	236	29	434	131	100	236	526	549	384	483	1000	619	326	273	294	136	390	88	81	127	39	123	86	82	71	57	26	40	58	31	13	10	19	20	5	1	22	17	14	14
64	170	1	2	119	0	1953125	12	0.0	0	0.51	0	0	V0.2	0	0	29	26	18	26	25	35	19	14	27	24	18	34	32	32	28	27	26	26	19	18	39	38	64	79	99	81	36	40	60	76	56	32	112	90	149	151	191	49	182	89	236	344	321	200	399	231	398	913	470	433	370	493	360	819	730	590	1000	458	544	608	127	38	103	117	147	127	49	53	35	68	44	57	60	32	33	43	34	22	21	36	43	42	16	32	32
64	170	1	2	119	0	1953125	12	0.0	0	0.54	0	0	V0.2	0	0	24	22	10	3	17	24	22	9	8	23	32	29	18	9	27	38	35	18	12	40	53	55	42	48	71	107	93	70	52	40	41	101	153	75	75	59	95	252	340	389	312	344	187	171	327	463	461	582	489	563	546	428	1000	824	662	620	505	405	602	463	368	308	334	208	269	296	244	177	92	70	109	109	95	69	19	26	52	56	40	13	21	42	46	37	12
64	170	1	2	119	0	1953125	12	0.0	0	0.52	0	0	V0.2	0	0	5	17	23	22	15	4	11	20	25	21	11	6	21	27	26	16	2	14	26	34	34	20	14	31	47	46	21	18	16	23	86	75	75	68	86	113	130	82	122	238	182	118	232	256	347	392	663	604	828	847	837	1000	774	924	873	998	740	613	473	255	310	235	242	130	51	86	110	136	136	97	40	10	20	57	79	71	48	21	28	49	49	42	22	2	18
64	170	2	2	119	0	1953125	12	0.0	0	0.58	0	0	V0.2	0	0	21	14	19	30	30	22	21	29	34	27	18	28	36	33	22	24	42	44	36	28	39	50	50	37	25	46	63	108	115	124	119	137	166	126	131	178	348	382	485	490	537	617	524	775	623	748	546	436	543	502	783	484	610	1000	514	325	532	76	73	466	429	337	137	193	300	211	140	63	107	121	125	95	38	50	78	70	44	10	45	65	51	13	27	51	51
64	170	2	2	119	0	1953125	12	0.0	0	0.60	0	0	V0.2	0	0	21	25	17	10	21	25	20	12	21	29	24	13	21	33	30	19	26	39	40	27	24	37	50	46	30	43	63	66	55	57	81	74	106	100	120	78	122	144	92	54	83	117	194	281	355	401	386	485	492	350	403	347	212	499	558	402	398	999	916	547	377	356	349	160	89	87	113	131	118	84	65	78	87	73	43	55	72	68	43	34	54	58	40	24	41
64	170	2	2	119	0	1953125	12	0.0	0	0.62	0	0	V0.2	0	0	16	16	12	10	18	18	12	13	19	20	12	17	25	27	21	21	32	34	24	19	32	35	16	6	17	21	33	27	44	43	72	70	94	135	172	178	196	118	47	68	36	54	90	108	104	134	356	524	550	897	1000	557	777	704	386	513	865	609	829	801	660	248	93	111	120	111	60	36	74	76	63	18	66	88	53	13	49	62	32	14	41	47	29	10	36
64	170	2	2	119	0	1953125	12	0.0	0	0.70	0	0	V0.2	0	0	106	113	86	98	119	94	89	117	105	90	113	110	79	101	117	82	83	114	89	64	108	94	48	107	123	41	78	126	45	56	65	73	92	142	60	127	202	291	268	414	598	684	492	387	441	166	249	202	401	279	680	970	543	10	536	929	1000	371	314	484	236	128	89	60	144	201	72	93	121	77	50	97	58	69	103	76	8	73	88	31	42	65	33	26	50
64	170	2	2	119	0	1953125	12	0.0	168	1.05	0	0	V0.2	0	0	34	5	51	18	46	21	36	32	53	30	16	42	31	10	33	57	12	12	70	48	27	27	70	28	65	62	58	64	104	60	65	74	19	106	151	261	98	166	284	451	369	385	642	860	620	502	158	180	212	347	230	241	396	481	138	276	953	1000	538	264	335	433	323	157	69	176	84	129	212	139	32	76	128	47	86	84	69	24	83	52	17	48	61	12	36
64	170	2	2	119	0	1953125	12	0.0	0	0.73	0	0	V0.2	0	0	90	72	72	86	72	69	87	81	70	93	92	70	86	93	72	79	102	77	61	82	78	49	64	70	43	48	70	45	69	91	2	80	157	69	143	187	64	24	145	175	56	142	120	116	172	530	600	347	434	272	64	376	486	856	535	452	350	825	1000	580	259	141	177	139	73	178	189	56	27	80	69	44	88	72	8	68	64	14	49	72	34	36	65	43	16
64	170	2	2	119	0	1953125	12	0.0	0	0.76	0	0	V0.2	0	0	53	72	65	56	74	67	64	88	76	65	79	65	65	78	55	54	68	37	56	70	40	69	81	25	61	79	18	90	77	7	58	101	17	37	78	129	134	92	50	178	295	264	156	214	45	152	366	320	336	239	367	535	309	331	65	614	1000	509	493	299	224	191	74	152	70	16	75	121	92	100	82	40	49	47	46	77	61	27	59	42	19	43	23	19	36
64	170	2	2	119	0	1953125	12	0.0	0	0.74	0	0	V0.2	0	0	88	61	78	84	56	79	90	61	85	98	66	84	104	72	84	103	62	68	101	50	64	102	48	41	102	57	58	135	89	51	138	113	64	195	194	151	272	233	156	156	231	174	158	189	308	269	616	590	292	343	246	218	682	1000	613	608	547	333	371	239	180	86	88	28	136	192	94	51	51	14	33	62	27	50	63	22	45	58	16	46	62	26	37	62	32
64	170	2	2	119	0	1953125	12	0.0	0	0.75	0	0	V0.2	0	0	29	46	23	16	38	27	12	33	30	21	22	24	30	22	13	36	33	24	41	41	35	47	48	45	64	57	93	133	114	94	171	162	116	149	152	142	126	198	182	81	285	511	473	456	347	334	74	215	226	326	543	456	347	698	849	999	878	945	527	279	232	231	313	219	146	253	314	216	136	160	136	71	91	97	58	72	79	46	48	55	37	47	45	30	52
64	170	2	2	119	0	1953125	12	0.0	0	0.76	0	0	V0.2	0	0	37	68	45	17	56	44	6	41	40	25	29	27	44	42	8	32	36	10	49	50	41	59	47	31	71	40	144	200	161	137	241	196	135	202	221	233	338	462	337	275	522	664	650	708	517	602	404	762	500	339	856	576	453	845	940	808	907	1000	694	301	459	425	392	221	74	291	364	233	191	196	147	82	119	106	67	93	65	48	77	52	45	78	44	34	82
64	170	2	2	119	0	1953125	12	0.0	0	0.95	0	0	V0.2	0	0	67	106	82	111	82	101	91	101	108	88	101	78	121	75	111	49	129	43	125	28	123	43	116	58	97	46	132	91	99	122	47	13	160	285	217	285	151	313	186	99	78	348	497	431	427	358	270	442	590	274	344	392	717	348	301	227	617	872	1000	743	542	387	199	258	73	111	189	296	122	134	49	197	115	104	77	122	121	45	88	50	94	32	98	24	81
64	170	2	2	119	0	1953125	12	0.0	0	0.95	0	0	V0.2	0	0	67	106	82	111	82	101	91	101	108	88	101	78	121	75	111	49	129	43	125	28	123	43	116	58	97	46	132	91	99	122	47	13	160	285	217	285	151	313	186	99	78	348	497	431	427	358	270	442	590	274	344	392	717	348	301	227	617	872	1000	743	542	387	199	258	73	111	189	296	122	134	49	197	115	104	77	122	121	45	88	50	94	32	98	24	81
64	170	2	2	119	0	1953125	12	0.0	0	0.95	0	0	V0.2	0	0	61	96	76	100	71	97	76	98	95	87	82	84	107	74	99	55	111	48	111	26	119	24	113	49	89	31	123	76	119	109	48	85	95	205	165	229	128	300	185	158	166	196	284	383	354	145	80	207	196	199	487	663	941	516	691	441	399	750	1000	754	586	403	226	275	138	31	206	266	118	107	42	164	98	89	63	116	108	42	80	36	75	29	82	23	73
64	170	2	2	119	0	1953125	12	0.0	0	0.76	0	0	V0.2	0	0	39	18	23	37	16	15	26	11	22	27	8	19	17	5	26	20	10	26	24	33	43	14	38	43	16	59	68	25	61	79	43	102	137	76	51	31	41	240	272	228	284	201	309	300	283	261	171	138	331	245	363	843	1000	725	739	531	476	710	818	478	241	76	60	197	238	249	227	192	137	98	50	27	28	64	46	39	73	68	13	41	52	17	34	51	23
64	170	2	2	119	0	1953125	12	0.0	0	0.76	0	0	V0.2	0	0	30	32	10	28	33	9	22	31	12	14	20	11	9	9	17	18	7	27	36	15	25	31	13	52	53	7	41	37	14	50	77	98	130	104	30	124	147	256	220	360	290	184	304	378	352	234	216	144	98	148	457	818	1000	522	555	762	591	705	586	358	197	279	233	209	256	274	207	145	123	75	32	61	65	24	59	77	45	32	38	29	36	34	20	38	36
64	170	2	2	119	0	1953125	12	0.0	0	0.77	0	0	V0.2	0	0	1	29	24	11	37	33	11	41	35	6	43	43	21	17	28	28	17	17	45	33	28	57	38	30	73	43	2	47	53	26	93	88	119	143	95	86	88	185	369	453	418	250	417	526	571	324	273	273	236	215	640	954	999	698	937	814	692	706	663	667	419	507	433	357	360	293	196	222	204	88	79	113	83	65	102	90	64	70	53	57	69	48	41	63	45
64	170	2	2	119	0	1953125	12	0.0	0	0.61	0	0	V0.2	0	0	20	20	13	15	21	20	14	12	19	20	11	11	23	25	18	17	26	26	13	9	26	34	37	26	39	51	43	39	68	108	114	57	42	92	124	181	195	257	209	70	192	340	559	328	112	258	307	345	481	662	559	524	246	903	1000	974	679	571	590	123	348	93	97	104	74	150	176	99	21	42	22	66	35	10	31	49	36	2	36	48	37	7	23	39	30
64	170	2	2	119	0	1953125	12	0.0	0	0.70	0	0	V0.2	0	0	75	51	66	81	58	56	82	73	55	77	78	52	72	86	58	57	88	67	42	82	80	47	68	79	37	58	93	52	37	87	37	31	57	88	69	14	91	72	146	203	209	168	248	261	358	227	194	242	133	292	631	728	782	1000	591	549	331	155	221	104	162	111	60	75	106	70	65	98	25	62	110	102	34	50	71	40	30	66	52	8	49	48	9	34	42
64	170	2	2	119	0	1953125	12	0.0	0	0.69	0	0	V0.2	0	0	64	58	18	53	75	47	20	70	72	25	46	75	50	25	80	83	23	50	86	55	23	87	93	35	73	110	64	47	129	122	124	160	300	352	281	382	411	364	391	467	532	448	572	859	1000	841	808	901	634	278	149	161	424	592	753	899	881	483	389	909	672	367	224	302	347	248	72	166	135	59	45	130	85	6	85	115	62	21	93	96	28	59	108	76	10
