34928	35048	35167	35286	35405	35524	35644	35763	35882	36001	36120	36240	36359	36478	36597	36716	36836	36955	37074	37193	37313	37432	37551	37670	37789	37909	38028	38147	38266	38385	38505	38624	38743	38862	38981	39101	39220	39339	39458	39577	39697	39816	39935	40054	40174	40293	40412	40531	40650	40770	40889	41008	41127	41246	41366	41485	41604	41723	41842	41962	42081	42200	42319	42439	42558	42677	42796	42915	43035	43154	43273	43392	43511	43631	43750	43869	43988	44107	44227	44346	44465	44584	44703	44823	44942
64	170	2	2	119	0	1953125	12	0.0	7541	2.31	0	0	V0.2	0	0	105	101	83	86	87	91	59	67	57	67	61	42	49	33	40	34	51	58	52	103	82	82	84	137	167	148	48	75	170	166	248	79	125	268	323	230	346	210	178	378	579	58	1	539	929	315	453	256	346	353	752	109	118	245	857	1000	527	709	766	302	415	238	129	309	147	206	185	180	66	119	78	107	116	75	38	75	69	43	36	23	27	31	24	11	5
64	170	2	2	119	0	1953125	12	0.0	7952	2.38	0	0	V0.2	0	0	81	59	61	65	68	66	43	35	91	19	41	24	34	49	15	34	77	51	87	21	94	21	60	91	101	93	22	189	23	153	47	186	55	270	273	206	300	175	221	297	235	282	591	776	939	756	680	650	309	106	559	992	1000	995	937	779	749	678	422	371	524	440	146	148	51	93	127	89	64	61	113	98	12	66	89	78	30	66	54	52	50	39	54	22	20
64	170	2	2	119	0	1953125	12	0.0	0	0.57	0	0	V0.2	0	0	9	29	21	38	24	71	11	30	37	29	30	31	11	37	47	38	19	4	29	29	90	57	46	60	17	91	30	24	24	42	159	37	138	172	127	242	219	225	134	296	255	251	147	592	825	597	326	455	59	306	513	210	635	999	443	340	333	103	885	258	494	380	69	127	110	138	54	80	166	136	7	158	27	98	68	67	126	28	22	88	30	23	46	76	77
64	170	2	2	119	0	1953125	12	0.0	7496	2.31	0	0	V0.2	0	0	40	41	49	37	41	38	45	23	25	19	33	18	8	18	11	29	20	38	32	31	24	27	50	63	62	65	61	20	69	45	129	72	65	71	58	246	214	248	224	181	23	74	246	169	377	487	346	479	253	473	771	512	455	149	530	578	1000	320	312	175	301	414	107	194	84	226	24	113	87	87	52	40	145	38	31	28	62	72	41	25	20	47	28	25	27
64	170	2	2	119	0	1953125	12	0.0	0	0.60	0	0	V0.2	0	0	21	8	14	24	22	8	14	27	27	13	11	28	32	19	12	31	40	27	16	33	46	36	12	27	54	66	44	42	66	105	123	116	114	124	165	118	59	181	133	63	54	112	241	236	105	116	412	407	392	463	703	891	621	176	309	1000	725	402	517	446	264	355	452	259	81	95	155	131	70	47	69	89	71	39	37	61	67	47	27	41	56	49	26	21	42
64	170	2	2	119	0	1953125	12	0.0	0	0.60	0	0	V0.2	0	0	21	8	14	24	22	8	14	27	27	13	11	28	32	19	12	31	40	27	16	33	46	36	12	27	54	66	44	42	66	105	123	116	114	124	165	118	59	181	133	63	54	112	241	236	105	116	412	407	392	463	703	891	621	176	309	1000	725	402	517	446	264	355	452	259	81	95	155	131	70	47	69	89	71	39	37	61	67	47	27	41	56	49	26	21	42
64	170	2	2	119	0	1953125	12	0.0	0	0.95	0	0	V0.2	0	0	44	20	29	15	32	23	26	32	14	22	24	34	11	26	28	32	21	37	28	38	31	61	20	62	31	80	27	89	73	52	53	121	146	17	111	186	282	160	68	149	165	124	236	438	374	228	143	433	522	251	106	434	664	427	92	593	1000	567	149	188	289	258	48	111	156	165	71	121	149	92	73	66	116	58	72	66	68	43	52	68	39	42	42	52	24
64	170	2	2	119	0	1953125	12	0.0	0	0.95	0	0	V0.2	0	0	57	30	37	26	36	29	34	47	13	25	29	45	12	35	38	39	23	51	35	41	39	83	24	67	45	111	38	95	92	100	86	128	183	89	145	121	228	147	273	323	220	47	384	651	600	413	208	578	607	395	110	523	810	617	171	610	1000	643	204	254	321	332	43	203	245	244	130	125	168	125	123	80	131	61	88	80	86	60	58	76	45	58	48	59	31
64	170	2	2	119	0	1953125	12	0.0	0	0.61	0	0	V0.2	0	0	9	4	17	20	9	7	18	24	15	4	20	26	17	4	19	26	20	4	19	26	22	7	18	33	22	7	23	43	47	18	27	50	64	45	30	42	68	106	66	99	186	161	92	49	104	143	104	73	260	406	408	311	553	1000	841	325	235	562	354	122	252	118	122	81	104	90	81	76	95	75	28	32	44	40	14	17	35	29	12	14	28	27	12	7	22
64	170	2	2	119	0	1953125	12	0.0	0	0.61	0	0	V0.2	0	0	5	24	34	24	6	22	35	28	7	23	38	32	11	19	37	29	6	26	44	33	4	32	54	59	18	36	71	86	65	51	92	127	171	171	120	166	221	246	147	276	314	351	351	373	597	739	571	511	542	478	366	192	473	1000	586	171	171	992	671	238	403	303	246	196	238	170	82	68	119	86	18	48	70	66	29	27	51	45	21	18	40	45	23	8	35
