34928	35048	35167	35286	35405	35524	35644	35763	35882	36001	36120	36240	36359	36478	36597	36716	36836	36955	37074	37193	37313	37432	37551	37670	37789	37909	38028	38147	38266	38385	38505	38624	38743	38862	38981	39101	39220	39339	39458	39577	39697	39816	39935	40054	40174	40293	40412	40531	40650	40770	40889	41008	41127	41246	41366	41485	41604	41723	41842	41962	42081	42200	42319	42439	42558	42677	42796	42915	43035	43154	43273	43392	43511	43631	43750	43869	43988	44107	44227	44346	44465	44584	44703	44823	44942
64	170	1	2	119	0	1953125	12	0.0	0	0.95	0	0	V0.2	0	0	62	22	56	29	51	41	35	39	31	41	24	40	26	36	30	43	36	42	43	64	39	73	35	100	30	122	37	125	52	134	88	132	134	140	194	167	218	190	290	237	321	248	265	427	375	561	497	425	316	225	182	211	376	447	788	690	1000	863	833	673	539	412	295	296	185	250	166	200	167	159	183	124	165	98	150	88	121	87	97	84	74	86	64	75	59
64	170	1	2	119	0	1953125	12	0.0	0	0.95	0	0	V0.2	0	0	25	45	28	39	38	28	39	18	35	16	34	14	28	16	25	22	30	27	36	24	43	32	64	40	88	39	113	33	112	40	118	94	130	114	114	149	75	198	98	259	185	202	224	280	365	416	503	245	318	248	250	230	173	451	852	1000	898	691	539	655	453	371	210	154	199	155	218	135	181	145	165	153	120	135	84	123	74	106	63	88	64	71	64	60	63
64	170	1	2	119	0	1953125	12	0.0	0	0.95	0	0	V0.2	0	0	25	45	28	39	38	28	39	18	35	16	34	14	28	16	25	22	30	27	36	24	43	32	64	40	88	39	113	33	112	40	118	94	130	114	114	149	75	198	98	259	185	202	224	280	365	416	503	245	318	248	250	230	173	451	852	1000	898	691	539	655	453	371	210	154	199	155	218	135	181	145	165	153	120	135	84	123	74	106	63	88	64	71	64	60	63
64	170	1	2	119	0	1953125	12	0.0	0	0.95	0	0	V0.2	0	0	51	34	40	36	36	43	24	39	19	38	15	40	18	32	23	41	24	41	31	63	28	73	25	94	22	117	48	118	72	119	120	107	145	95	166	107	203	203	250	182	260	264	273	442	329	498	455	380	295	293	332	352	445	552	914	784	1000	745	674	577	413	333	219	241	155	216	178	190	180	140	183	116	165	102	144	91	109	91	87	85	69	88	63	76	60
64	170	1	2	119	0	1953125	12	0.0	0	0.95	0	0	V0.2	0	0	238	284	242	287	242	288	248	290	250	286	253	278	261	269	264	254	271	240	279	217	288	198	293	179	305	159	312	162	303	187	295	204	302	259	254	270	200	383	114	424	88	438	136	457	231	451	347	405	330	267	432	188	632	318	887	557	1000	413	812	406	589	117	361	188	238	287	170	334	95	336	74	334	112	305	148	273	190	247	213	209	227	186	242	157	239
64	170	1	2	119	0	1953125	12	0.0	254	1.06	0	0	V0.2	0	0	33	41	60	42	43	7	66	16	45	31	44	38	41	48	7	60	36	29	66	55	53	8	97	14	71	33	90	60	53	54	82	153	60	134	174	352	138	174	226	393	103	124	357	337	50	74	268	55	111	190	401	438	511	494	578	597	1000	721	752	836	833	559	483	468	500	214	217	223	191	85	134	136	51	142	84	80	48	121	24	46	68	56	34	60	49
64	170	2	2	119	0	1953125	12	0.0	0	1.01	0	0	V0.2	0	0	39	14	40	29	29	23	27	21	27	30	17	22	17	22	20	19	24	21	29	27	21	31	23	16	58	51	18	49	65	30	46	74	62	120	119	215	119	146	48	158	218	343	320	91	56	117	325	497	522	420	171	327	613	899	1000	847	478	36	148	505	444	368	195	51	165	178	188	79	72	64	98	54	51	72	71	55	22	63	51	45	9	55	55	44	22
64	170	2	2	119	0	1953125	12	0.0	0	0.51	0	0	V0.2	0	0	15	14	16	19	20	15	13	17	22	24	19	11	10	20	25	25	14	12	21	41	40	36	4	14	53	78	75	63	37	16	51	75	74	7	47	57	139	160	162	59	125	234	273	129	167	347	389	326	243	120	651	686	842	734	269	1000	773	476	405	358	288	127	232	165	110	181	147	88	56	13	55	80	75	63	44	18	24	41	46	44	34	20	16	23	32
64	170	2	2	119	0	1953125	12	0.0	0	0.49	0	0	V0.2	0	0	21	17	14	8	12	17	18	18	13	7	11	20	23	21	15	5	13	26	28	25	10	8	21	41	62	52	60	33	35	94	118	130	182	168	109	91	188	83	32	125	118	111	132	227	422	555	617	698	848	891	523	630	257	541	576	680	999	656	854	781	476	292	124	128	153	79	20	37	88	108	84	55	32	47	54	51	41	21	2	14	23	27	21	13	2
64	170	2	2	119	0	1953125	12	0.0	0	0.57	0	0	V0.2	0	0	15	10	2	9	15	15	8	5	13	18	16	7	5	14	20	16	6	10	22	25	17	7	25	35	36	24	10	30	31	44	43	33	63	74	68	57	94	79	47	43	45	107	22	161	94	205	236	231	405	451	422	454	544	814	1000	645	691	368	460	439	283	177	136	73	110	108	68	31	31	55	65	54	24	16	30	40	34	16	12	29	35	26	9	13	24
64	170	2	2	119	0	1953125	12	0.0	0	0.59	0	0	V0.2	0	0	7	12	15	14	9	11	18	18	16	13	17	21	23	20	19	25	28	29	24	27	31	34	26	22	27	35	51	37	56	53	67	61	38	62	101	50	83	58	117	197	293	411	407	396	396	245	167	143	96	300	316	458	463	723	1000	554	539	375	206	99	197	181	145	102	86	90	76	77	26	29	79	88	60	21	41	62	59	32	16	42	51	38	14	20	40
64	170	1	2	119	0	1953125	12	0.0	0	0.63	0	0	V0.2	0	0	8	18	18	8	9	19	18	7	12	21	17	6	16	24	17	6	21	25	15	7	24	26	14	14	37	46	11	14	26	42	29	63	94	135	190	205	218	228	223	138	94	113	78	95	173	168	142	169	210	228	252	258	504	767	1000	188	353	461	320	21	102	186	168	98	98	44	40	61	67	30	33	46	34	12	23	34	26	2	21	33	22	0	24	30	16
64	170	1	2	119	0	1953125	12	0.0	0	0.68	0	0	V0.2	0	0	9	13	26	21	9	25	28	14	13	27	23	14	30	33	19	23	35	33	27	42	47	37	23	34	51	58	58	42	24	62	89	129	108	148	92	103	178	222	110	135	141	165	101	372	506	821	795	616	371	652	1000	879	524	336	321	118	177	697	462	217	201	77	217	126	52	101	118	56	55	84	110	65	31	83	79	33	59	86	57	11	57	62	25	30	55
64	170	2	2	119	0	1953125	12	0.0	0	0.69	0	0	V0.2	0	0	113	124	141	118	109	142	132	102	130	144	108	113	144	125	103	140	139	98	127	156	116	105	162	138	87	152	165	79	123	205	136	55	218	227	59	97	166	227	104	184	277	29	206	312	141	233	277	435	429	355	683	764	553	603	706	885	999	591	383	324	318	112	118	254	285	195	65	179	200	71	94	182	127	54	139	148	63	102	149	100	68	133	125	67	102
64	170	2	2	119	0	1953125	12	0.0	0	0.71	0	0	V0.2	0	0	122	148	157	127	147	168	132	137	176	153	134	174	164	129	170	177	126	153	187	134	128	187	165	94	169	170	64	152	200	103	96	241	155	12	221	226	52	235	253	210	131	430	368	199	284	312	168	437	670	360	322	468	549	685	921	999	377	497	297	357	404	187	83	242	210	88	83	179	179	74	128	199	120	77	157	126	55	140	143	71	115	140	85	94	132
64	170	2	2	119	0	1953125	12	0.0	0	0.71	0	0	V0.2	0	0	32	35	11	22	40	30	3	25	31	11	22	38	30	16	27	36	28	19	33	41	35	23	53	69	38	56	75	65	48	85	154	137	23	160	247	168	182	126	26	8	177	315	330	227	343	502	666	544	513	389	279	428	705	134	479	705	459	909	999	520	309	178	204	241	203	146	67	16	95	124	80	53	94	90	35	32	70	51	11	53	58	20	30	53	38
64	170	2	2	119	0	1953125	12	0.0	0	0.71	0	0	V0.2	0	0	229	214	193	228	226	195	229	238	197	220	240	203	219	250	208	200	249	216	186	247	216	161	251	229	141	232	250	112	166	273	203	121	328	358	19	337	395	107	484	428	200	261	184	313	148	499	677	424	737	1000	776	445	576	308	184	407	315	405	939	646	500	657	599	199	245	355	246	28	232	225	60	184	225	124	132	220	146	114	194	158	125	197	180	124	176
64	170	2	2	119	0	1953125	12	0.0	0	0.71	0	0	V0.2	0	0	229	214	193	228	226	195	229	238	197	220	240	203	219	250	208	200	249	216	186	247	216	161	251	229	141	232	250	112	166	273	203	121	328	358	19	337	395	107	484	428	200	261	184	313	148	499	677	424	737	1000	776	445	576	308	184	407	315	405	939	646	500	657	599	199	245	355	246	28	232	225	60	184	225	124	132	220	146	114	194	158	125	197	180	124	176
64	170	2	2	119	0	1953125	12	0.0	0	0.71	0	0	V0.2	0	0	12	23	44	32	6	34	39	16	20	38	28	14	30	33	25	26	31	39	39	25	43	55	39	44	95	92	30	88	140	107	54	126	140	72	129	242	249	221	363	351	409	303	215	306	334	401	335	276	209	566	982	970	1000	538	796	936	994	432	273	214	143	347	381	240	119	54	106	165	87	27	71	87	57	54	81	73	23	49	76	56	10	48	54	21	37
64	170	2	2	119	0	1953125	12	0.0	0	0.69	0	0	V0.2	0	0	128	142	161	138	131	157	147	130	159	159	128	148	171	138	136	175	158	127	167	177	125	156	185	142	121	186	179	131	154	222	142	70	191	184	140	144	299	184	75	208	314	257	342	539	257	239	429	332	158	191	220	182	821	999	955	798	191	389	40	282	356	257	93	185	146	87	132	141	91	96	159	106	65	123	123	76	120	148	104	93	135	119	83	126	138
64	170	2	2	119	0	1953125	12	0.0	0	0.70	0	0	V0.2	0	0	175	170	195	185	167	191	196	170	179	197	173	171	200	181	157	195	192	157	180	195	159	153	193	167	147	184	190	107	178	190	139	127	193	223	133	182	227	84	174	306	20	339	378	306	297	115	41	369	181	355	842	747	884	1000	876	882	908	346	206	56	300	110	376	394	187	135	330	256	42	199	223	158	105	213	180	99	149	168	100	117	163	116	94	148	128
64	170	2	2	119	0	1953125	12	0.0	0	0.68	0	0	V0.2	0	0	157	168	140	144	168	148	133	164	161	129	151	173	136	132	172	156	121	160	176	126	135	197	156	103	181	185	94	144	220	165	75	204	178	107	163	187	117	196	191	368	216	245	353	207	89	236	637	394	231	362	383	497	543	1000	511	455	717	738	626	312	243	58	229	100	110	165	183	213	61	150	207	157	65	168	178	107	117	169	140	91	145	150	97	118	157
64	170	2	2	119	0	1953125	12	0.0	0	0.69	0	0	V0.2	0	0	213	208	181	198	214	183	182	213	195	169	204	209	167	184	213	184	168	213	206	158	198	221	172	164	230	213	144	209	239	165	121	231	219	118	300	372	98	241	390	251	117	297	500	305	46	320	454	172	418	854	754	398	1000	631	287	488	592	693	592	426	80	54	291	201	82	47	181	234	86	169	238	163	105	211	203	99	155	204	146	124	191	168	115	163	177
64	170	2	2	119	0	1953125	12	0.0	0	0.52	0	0	V0.2	0	0	7	12	14	10	4	3	9	12	10	7	3	9	14	15	10	1	11	18	18	15	11	4	19	40	42	30	11	21	25	43	81	69	28	33	119	170	218	129	123	168	233	286	131	155	128	422	217	155	287	453	412	225	511	311	182	826	1000	290	30	180	205	176	125	273	159	80	86	37	89	124	73	21	11	33	62	59	39	15	15	32	42	40	29	12	18
64	170	2	2	119	0	1953125	12	0.0	0	0.67	0	0	V0.2	0	0	13	11	14	16	13	14	17	18	15	17	18	17	18	18	18	18	21	21	23	26	29	27	37	47	42	27	43	48	46	39	60	55	67	87	86	133	168	168	184	168	117	89	69	78	182	200	215	144	185	303	269	185	455	642	847	867	902	1000	534	413	278	126	84	65	42	63	40	27	60	81	39	26	69	63	21	39	60	46	9	39	50	30	10	39	37
64	170	2	2	119	0	1953125	12	0.0	0	0.67	0	0	V0.2	0	0	17	28	32	20	24	35	31	25	32	34	25	28	37	32	28	39	43	31	39	48	34	28	56	65	49	59	76	73	49	69	90	74	85	114	127	183	181	125	86	91	290	434	322	326	311	275	398	537	510	546	640	953	853	674	679	837	731	1000	732	788	678	353	147	322	188	67	38	140	142	80	22	92	106	49	43	104	92	32	64	97	66	16	70	79	32
64	170	2	2	119	0	1953125	12	0.0	0	0.65	0	0	V0.2	0	0	32	32	25	27	36	31	24	34	39	32	29	42	45	34	39	51	49	38	52	66	60	49	68	81	63	49	70	97	88	71	94	108	145	144	185	198	196	247	317	297	319	357	371	355	376	272	540	630	702	748	694	803	492	736	1000	583	973	739	832	461	305	378	310	132	60	12	71	98	77	37	86	104	75	42	73	86	55	38	65	70	38	33	60	56	27
64	170	2	2	119	0	1953125	12	0.0	0	0.61	0	0	V0.2	0	0	34	29	21	30	37	33	23	33	42	36	27	36	49	45	34	43	57	56	43	51	72	75	57	53	74	99	86	83	106	118	132	108	105	139	170	193	204	287	342	231	268	262	267	356	463	335	554	478	755	586	1000	796	770	430	630	638	705	654	373	513	550	397	195	154	192	207	132	94	91	123	147	90	58	72	101	93	56	55	82	83	51	32	60	70	47
64	170	2	2	119	0	1953125	12	0.0	0	0.56	0	0	V0.2	0	0	14	30	30	18	0	21	32	31	14	10	32	40	33	15	20	42	54	39	14	27	61	73	57	32	31	92	123	126	114	118	133	182	212	204	227	323	342	445	350	304	592	506	495	523	386	629	701	443	517	636	324	383	545	639	395	495	511	631	1000	691	473	440	623	494	544	332	200	221	195	215	150	87	65	99	115	97	61	22	50	64	52	23	10	40	50
64	170	2	2	119	0	1953125	12	0.0	0	0.51	0	0	V0.2	0	0	11	6	13	18	20	17	9	10	19	24	24	15	10	19	28	34	33	22	22	33	48	50	54	39	36	45	73	82	85	75	81	92	64	132	39	149	85	55	187	192	217	278	247	276	322	455	584	317	562	390	595	827	737	1000	769	814	865	678	637	622	284	272	1	25	131	141	87	154	71	41	36	75	112	104	82	42	19	48	72	80	66	36	4	36	57
64	170	2	2	119	0	1953125	12	0.0	0	0.46	0	0	V0.2	0	0	15	12	9	12	17	20	20	20	16	12	15	18	25	27	23	17	14	19	29	38	45	38	39	33	33	57	77	93	118	101	147	97	157	130	188	238	220	318	327	363	393	336	459	328	520	408	390	533	441	723	576	637	851	618	990	551	947	881	538	1000	579	355	294	145	174	60	119	144	125	152	141	119	70	44	27	36	53	65	68	59	38	15	10	33	49
64	170	2	2	119	0	1953125	12	0.0	74	1.03	0	0	V0.2	0	0	14	66	22	64	30	60	35	41	50	44	53	27	63	37	63	48	70	58	60	82	68	89	57	112	53	122	44	123	25	110	10	120	33	131	53	157	19	66	26	137	170	169	110	152	351	492	575	556	506	602	499	482	334	484	661	679	1000	940	674	281	120	259	323	308	114	132	145	195	151	132	73	94	104	98	119	98	107	80	106	74	90	70	86	62	70
64	170	2	2	119	0	1953125	12	0.0	104	1.04	0	0	V0.2	0	0	76	42	84	35	79	14	88	10	70	18	73	28	58	59	55	70	44	102	41	110	43	138	50	153	39	150	65	160	59	138	68	168	84	177	118	192	83	69	160	188	194	189	296	365	419	646	797	753	628	816	636	721	697	1000	592	631	525	694	650	366	231	417	341	347	130	270	161	196	53	195	93	140	84	180	76	119	94	147	56	95	86	99	46	75	80
64	170	2	2	119	0	1953125	12	0.0	0	0.50	0	0	V0.2	0	0	13	18	24	19	14	11	14	22	27	27	20	15	17	24	32	35	33	31	23	32	40	41	48	39	35	47	38	48	47	57	53	79	103	89	205	161	203	239	210	132	348	292	295	316	331	400	473	646	614	886	798	876	799	809	663	1000	502	518	538	202	191	212	57	230	235	155	172	88	45	48	78	94	105	87	60	22	25	56	72	73	57	33	13	33	54
64	170	2	2	119	0	1953125	12	0.0	104	1.04	0	0	V0.2	0	0	28	82	21	68	35	72	29	43	50	42	47	20	56	11	53	35	48	58	46	76	27	103	32	118	27	152	27	139	61	179	27	164	84	230	62	206	102	187	41	55	239	99	163	144	355	332	587	610	691	746	782	700	610	620	840	820	1000	702	747	661	664	635	513	382	373	323	255	185	214	147	131	63	153	65	126	64	131	57	112	70	99	59	91	65	65
64	170	2	2	119	0	1953125	12	0.0	104	1.04	0	0	V0.2	0	0	79	14	73	14	77	5	60	22	66	21	44	44	46	41	31	66	23	60	33	87	30	89	68	110	63	124	107	138	79	132	103	171	114	210	123	238	65	161	63	94	144	48	139	140	327	228	291	389	545	630	634	653	827	1000	938	837	788	741	674	723	508	607	388	425	252	370	196	230	119	222	94	156	82	161	62	124	82	127	59	106	82	92	63	89	81
64	170	2	2	119	0	1953125	12	0.0	0	1.00	0	0	V0.2	0	0	22	68	19	63	4	62	7	62	16	51	9	56	23	41	18	55	22	41	35	64	21	54	57	97	26	97	72	144	36	145	54	180	73	235	136	213	67	203	189	190	190	187	248	113	199	196	339	349	402	437	635	635	482	618	866	1000	899	684	642	687	452	385	245	313	246	164	167	164	213	75	133	90	150	38	114	75	111	35	100	76	78	42	83	78	59
64	170	2	2	119	0	1953125	12	0.0	0	0.95	0	0	V0.2	0	0	50	31	43	39	30	42	27	50	15	44	19	47	23	47	29	46	31	58	26	60	33	87	33	87	47	103	53	97	99	101	124	69	142	74	186	71	171	137	188	214	182	219	208	318	243	260	162	267	343	386	384	243	525	836	1000	758	768	571	533	360	219	207	136	188	134	154	162	144	161	115	163	95	133	84	113	88	88	86	68	81	58	80	55	70	60
64	170	2	2	119	0	1953125	12	0.0	0	0.95	0	0	V0.2	0	0	211	257	212	266	211	266	213	267	221	263	221	256	233	244	240	231	245	212	257	194	263	171	279	154	282	131	290	132	295	152	280	187	278	222	235	243	173	322	110	401	56	376	72	459	212	464	277	311	288	250	559	362	732	383	899	566	1000	481	725	263	457	84	330	204	234	257	169	301	110	311	61	305	85	288	120	261	154	234	182	204	200	177	212	151	222
64	170	2	2	119	0	1953125	12	0.0	0	0.95	0	0	V0.2	0	0	59	25	51	28	47	40	34	44	26	42	24	47	25	42	32	47	37	54	40	63	33	78	35	98	28	117	40	119	85	134	125	144	169	126	220	65	166	114	240	198	216	164	162	318	298	496	433	392	238	221	394	310	379	530	875	835	1000	814	726	523	407	328	195	226	154	228	178	197	169	150	182	114	159	95	144	88	114	91	94	87	71	86	64	78	64
