34928	35048	35167	35286	35405	35524	35644	35763	35882	36001	36120	36240	36359	36478	36597	36716	36836	36955	37074	37193	37313	37432	37551	37670	37789	37909	38028	38147	38266	38385	38505	38624	38743	38862	38981	39101	39220	39339	39458	39577	39697	39816	39935	40054	40174	40293	40412	40531	40650	40770	40889	41008	41127	41246	41366	41485	41604	41723	41842	41962	42081	42200	42319	42439	42558	42677	42796	42915	43035	43154	43273	43392	43511	43631	43750	43869	43988	44107	44227	44346	44465	44584	44703	44823	44942
64	170	1	2	119	0	1953125	12	0.0	0	0.95	0	0	V0.2	0	0	319	276	326	276	326	279	331	283	329	278	322	283	320	281	303	284	292	292	276	299	251	311	238	332	207	347	191	361	187	369	185	394	169	395	256	368	298	247	464	152	516	65	628	171	657	211	714	109	527	259	346	441	209	539	490	929	664	1000	428	644	206	495	64	411	186	383	267	304	306	232	350	166	364	130	358	135	337	157	312	178	284	197	258	212	227
64	170	1	2	119	0	1953125	12	0.0	0	0.95	0	0	V0.2	0	0	368	356	381	349	386	348	400	344	400	334	403	327	404	313	401	304	397	302	391	293	382	306	369	324	356	345	342	372	294	426	253	465	232	494	171	521	230	485	359	503	441	461	644	424	728	378	878	267	641	36	626	233	647	571	848	787	1000	888	827	638	545	458	296	486	120	548	13	524	122	472	223	410	290	352	343	288	367	244	374	212	366	192	359	186	337
64	170	1	2	119	0	1953125	12	0.0	0	0.95	0	0	V0.2	0	0	368	356	381	349	386	348	400	344	400	334	403	327	404	313	401	304	397	302	391	293	382	306	369	324	356	345	342	372	294	426	253	465	232	494	171	521	230	485	359	503	441	461	644	424	728	378	878	267	641	36	626	233	647	571	848	787	1000	888	827	638	545	458	296	486	120	548	13	524	122	472	223	410	290	352	343	288	367	244	374	212	366	192	359	186	337
64	170	1	2	119	0	1953125	12	0.0	0	0.95	0	0	V0.2	0	0	346	340	358	338	363	335	376	329	377	317	380	312	385	298	378	286	380	281	374	272	366	285	357	297	348	310	341	339	292	392	254	427	254	471	144	511	224	444	307	506	358	491	613	433	642	376	778	335	601	101	618	263	607	449	796	693	1000	840	825	557	540	416	310	454	158	513	36	501	90	457	184	406	253	357	306	292	331	251	346	214	339	191	338	179	320
64	170	1	2	119	0	1953125	12	0.0	0	0.95	0	0	V0.2	0	0	406	388	420	384	426	379	441	376	440	364	444	359	444	348	436	342	428	340	417	340	405	352	385	378	366	396	351	414	309	473	264	519	239	531	204	560	296	484	448	526	522	413	723	347	787	338	949	228	683	61	624	318	701	716	911	918	994	1000	853	679	571	549	277	559	65	592	62	567	177	495	282	423	356	356	396	285	414	248	426	217	406	205	396	207	369
64	170	1	2	119	0	1953125	12	0.0	0	0.95	0	0	V0.2	0	0	335	358	349	353	353	348	368	342	371	327	377	321	381	304	380	288	382	282	377	265	379	267	372	270	377	280	367	302	331	344	311	388	302	429	214	452	228	498	230	566	256	555	486	525	503	540	662	377	536	230	564	119	665	392	919	534	1000	669	893	404	593	292	403	400	251	464	162	490	94	464	113	438	182	399	238	345	278	308	311	261	316	232	322	203	315
64	170	1	2	119	0	1953125	12	0.0	0	0.95	0	0	V0.2	0	0	384	355	399	349	402	347	415	347	412	337	411	335	413	326	401	319	395	326	383	323	363	345	346	370	323	386	303	416	262	451	223	492	204	505	214	502	301	445	486	409	499	385	734	266	769	283	925	72	586	64	635	435	564	708	798	874	880	1000	727	681	459	538	188	539	8	549	127	504	211	438	311	359	361	296	393	238	402	206	398	193	378	193	360	200	332
64	170	1	2	119	0	1953125	12	0.0	0	0.95	0	0	V0.2	0	0	374	336	388	338	389	333	396	337	400	329	393	324	394	323	382	315	373	323	363	325	339	337	324	370	298	380	279	405	242	452	199	471	193	491	233	478	309	377	482	362	528	326	743	203	771	245	879	38	610	162	593	491	425	559	702	946	818	1000	654	726	386	552	132	528	44	534	162	472	243	403	332	316	370	259	401	203	396	185	391	185	366	190	342	204	317
64	170	1	2	119	0	1953125	12	0.0	0	0.95	0	0	V0.2	0	0	354	310	364	310	364	310	372	313	367	305	366	309	363	304	349	306	340	313	322	319	301	335	278	363	248	380	230	398	202	427	187	451	175	455	259	429	324	303	499	249	546	173	704	147	750	194	844	83	576	199	498	477	371	651	521	879	652	1000	518	734	288	552	57	475	134	470	239	386	303	313	363	231	385	180	392	155	379	166	356	183	330	200	302	217	272
64	170	1	2	119	0	1953125	12	0.0	0	0.95	0	0	V0.2	0	0	423	402	440	396	442	393	456	388	459	376	461	371	462	359	453	347	452	347	440	344	426	357	410	388	388	401	377	431	321	499	264	541	240	562	225	573	280	533	472	541	502	489	791	383	841	409	999	233	783	25	692	299	704	633	1000	977	989	948	899	763	624	593	271	564	97	630	50	586	169	526	287	447	360	372	406	304	425	260	436	229	418	216	406	211	383
64	170	1	2	119	0	1953125	12	0.0	0	0.95	0	0	V0.2	0	0	349	309	361	309	359	308	368	313	365	308	357	313	353	311	335	315	323	322	308	329	282	340	267	370	229	376	224	387	215	406	205	434	207	417	286	383	346	273	465	221	553	60	644	112	723	218	789	124	526	270	350	429	295	726	555	906	579	1000	494	717	231	519	42	446	172	430	274	350	318	275	375	199	391	155	390	152	373	172	348	192	318	214	287	227	256
64	170	1	2	119	0	1953125	12	0.0	0	0.95	0	0	V0.2	0	0	336	293	341	299	339	304	337	313	332	316	319	322	311	326	294	329	275	336	258	344	234	353	220	368	200	374	200	367	237	359	266	360	303	311	384	270	392	125	533	51	552	147	633	374	621	386	660	372	375	423	207	578	159	708	493	933	587	1000	422	754	204	474	234	356	360	269	402	182	418	107	418	95	394	151	368	203	317	237	286	266	242	272	211	280	188
64	170	1	2	119	0	1953125	12	0.0	0	0.95	0	0	V0.2	0	0	335	282	344	285	339	288	346	294	341	290	333	298	328	300	310	302	299	316	276	322	250	343	229	360	196	378	181	388	184	395	196	410	221	376	317	358	375	197	481	160	569	29	620	213	729	326	784	258	542	393	379	538	341	738	461	843	573	1000	378	686	226	577	150	421	224	401	330	290	357	212	397	143	396	108	380	139	358	171	322	201	290	224	256	235	224
64	170	1	2	119	0	1953125	12	0.0	79	1.03	0	0	V0.2	0	0	75	16	71	18	63	32	55	37	41	54	37	60	36	72	38	63	50	61	59	48	87	40	116	55	147	61	182	81	181	83	201	78	199	106	199	100	250	235	336	312	362	323	391	355	442	288	404	249	190	246	301	414	425	611	838	890	1000	894	799	777	740	534	498	317	355	188	200	51	110	59	52	132	85	142	99	139	86	125	80	98	55	89	59	68	62
64	170	2	2	119	0	1953125	12	0.0	6215	2.09	0	0	V0.2	0	0	30	28	28	31	29	29	27	28	27	26	12	30	20	35	8	19	6	15	5	7	16	15	18	25	70	20	111	80	51	29	132	60	222	204	266	286	538	231	657	309	276	215	585	641	715	109	928	863	136	369	519	621	104	782	881	242	695	877	703	404	1000	355	437	260	174	142	94	172	48	136	75	132	87	106	55	63	56	69	49	43	31	39	29	33	28
64	170	2	2	119	0	1953125	12	0.0	6290	2.10	0	0	V0.2	0	0	11	73	17	74	10	53	41	67	38	43	54	43	34	20	57	19	37	50	33	67	38	95	31	129	38	99	88	197	58	80	162	231	201	249	250	284	210	294	211	201	249	363	541	531	762	827	653	325	481	836	874	707	545	889	1000	822	398	373	492	336	245	231	285	251	298	258	183	136	238	187	153	97	169	89	143	113	140	47	105	77	83	56	95	57	42
64	170	2	2	119	0	1953125	12	0.0	79	1.03	0	0	V0.2	0	0	352	351	328	306	316	300	264	242	223	225	179	162	137	145	126	126	150	191	204	227	259	301	326	335	368	391	469	415	423	469	548	450	499	592	454	535	477	431	442	576	497	263	634	419	600	101	505	670	149	371	77	906	333	914	686	1000	640	312	807	297	582	303	332	441	494	353	295	397	410	379	277	306	345	317	221	216	246	245	161	103	139	148	118	29	35
64	170	2	2	119	0	1953125	12	0.0	7670	2.34	0	0	V0.2	0	0	34	38	25	21	23	30	23	13	16	25	18	21	2	13	14	25	6	15	4	8	16	22	14	17	16	54	59	46	27	72	80	49	61	101	74	271	390	52	239	46	212	34	655	402	273	81	476	346	153	43	357	116	334	344	623	691	1000	982	20	294	406	168	131	96	193	66	109	128	108	57	39	101	104	63	45	57	63	31	26	41	40	20	18	21	19
64	170	2	2	119	0	1953125	12	0.0	0	0.46	0	0	V0.2	0	0	11	31	14	47	27	25	23	6	27	12	20	21	34	19	35	15	22	56	26	16	15	5	64	46	62	55	67	28	55	44	44	69	63	153	37	224	176	62	158	160	221	87	48	238	370	448	299	670	490	94	620	999	221	589	393	265	305	145	494	413	506	281	120	177	186	60	78	9	48	33	50	66	90	18	34	65	69	41	47	42	26	30	10	23	32
64	170	2	2	119	0	1953125	12	0.0	0	0.47	0	0	V0.2	0	0	40	43	36	25	14	20	38	43	44	37	23	9	25	43	53	56	41	26	13	32	51	59	50	45	17	43	71	88	121	104	89	79	44	88	111	215	283	193	332	356	355	519	572	674	518	604	488	485	583	753	854	914	1000	809	662	658	589	658	730	684	617	518	393	296	157	124	111	135	143	128	105	84	53	31	27	32	38	38	37	32	24	18	9	12	19
64	170	2	2	119	0	1953125	12	0.0	7743	2.35	0	0	V0.2	0	0	61	64	39	33	53	55	39	18	48	44	26	16	36	47	8	25	52	51	19	38	59	55	39	44	55	113	83	82	60	73	120	98	94	179	98	167	113	247	88	154	199	145	135	424	217	115	743	246	478	604	1000	211	622	503	151	547	407	496	421	89	220	74	98	111	11	130	15	90	53	26	33	72	55	30	33	60	61	28	14	49	53	24	2	36	35
64	170	2	2	119	0	1953125	12	0.0	7763	2.35	0	0	V0.2	0	0	56	70	29	58	28	65	23	41	20	41	23	18	16	28	19	15	33	15	47	10	67	55	39	55	52	53	79	83	57	129	40	82	51	77	90	87	47	120	20	150	86	124	206	201	249	382	344	512	497	619	729	825	1000	821	674	341	117	218	351	232	84	137	309	286	110	117	75	58	68	12	93	47	51	24	55	36	37	48	9	30	29	24	13	31	22
64	170	2	2	119	0	1953125	12	0.0	0	0.65	0	0	V0.2	0	0	6	14	37	20	12	11	22	23	5	14	38	16	17	27	23	25	39	30	19	41	15	33	38	47	29	23	26	35	17	23	52	54	121	48	166	173	142	141	202	86	111	103	179	368	485	502	477	313	166	79	148	464	522	245	999	281	638	38	289	357	573	212	142	68	58	61	92	60	30	82	25	17	26	17	27	34	60	4	16	33	39	9	6	29	25
64	170	2	2	119	0	1953125	12	0.0	7838	2.36	0	0	V0.2	0	0	15	18	22	14	13	13	15	12	10	8	10	13	3	7	9	3	1	11	9	8	5	22	20	23	12	24	15	34	69	55	91	87	78	120	173	192	323	80	230	351	213	300	316	120	115	451	193	408	251	430	364	435	815	1000	661	251	516	778	492	557	183	179	109	127	151	62	70	56	81	16	47	34	45	16	31	25	27	12	7	10	11	9	2	8	13
64	170	2	2	119	0	1953125	12	0.0	0	0.97	0	0	V0.2	0	0	513	467	511	559	508	410	372	353	382	343	232	161	217	207	185	132	235	301	323	288	330	459	544	567	507	560	642	757	755	616	674	843	793	865	722	650	855	943	752	748	659	770	959	765	643	883	680	836	628	799	279	544	999	631	569	776	588	750	544	594	744	674	588	765	610	583	638	562	630	537	485	490	501	481	431	380	343	326	272	256	209	183	152	118	104
64	170	2	2	119	0	1953125	12	0.0	0	0.95	0	0	V0.2	0	0	28	46	32	34	36	30	42	16	36	22	46	14	40	23	32	23	42	24	40	39	71	24	77	33	97	36	96	53	83	54	99	125	98	195	206	283	226	258	154	172	163	285	312	143	118	136	458	418	590	412	489	484	622	867	978	1000	807	266	173	373	316	324	346	195	195	72	188	148	180	166	123	144	62	115	67	107	61	85	67	70	65	54	62	45	54
64	170	2	2	119	0	1953125	12	0.0	7793	2.36	0	0	V0.2	0	0	20	20	21	19	20	21	16	18	21	16	17	13	14	13	9	8	9	13	9	21	14	30	27	23	17	21	50	33	67	57	78	153	45	156	21	56	58	249	189	336	241	287	243	245	133	376	459	107	487	180	229	308	395	531	472	644	888	1000	838	905	582	500	342	164	191	82	85	45	68	34	52	23	52	28	33	17	28	16	6	15	1	11	2	7	9
64	170	2	2	119	0	1953125	12	0.0	7793	2.36	0	0	V0.2	0	0	20	20	21	19	20	21	16	18	21	16	17	13	14	13	9	8	9	13	9	21	14	30	27	23	17	21	50	33	67	57	78	153	45	156	21	56	58	249	189	336	241	287	243	245	133	376	459	107	487	180	229	308	395	531	472	644	888	1000	838	905	582	500	342	164	191	82	85	45	68	34	52	23	52	28	33	17	28	16	6	15	1	11	2	7	9
64	170	2	2	119	0	1953125	12	0.0	0	0.95	0	0	V0.2	0	0	947	967	972	978	979	973	977	992	988	979	964	965	966	957	941	924	919	919	914	897	880	885	881	877	880	872	869	882	876	893	887	897	903	891	936	946	897	857	961	934	899	845	822	1000	898	743	808	863	833	751	733	709	818	854	668	646	713	700	699	665	687	706	683	718	714	736	733	759	760	772	779	774	790	794	793	790	777	783	778	765	750	732	726	716	701
64	170	2	2	119	0	1953125	12	0.0	199	1.05	0	0	V0.2	0	0	40	66	28	63	10	66	16	62	41	61	42	39	55	27	58	38	53	49	42	89	48	104	35	101	16	90	40	57	151	163	164	176	67	87	78	79	219	158	223	424	512	755	847	774	698	495	435	133	324	381	278	158	330	805	866	935	1000	862	693	839	819	903	752	568	363	247	127	77	27	132	90	157	122	151	93	98	84	72	76	45	63	38	67	49	62
64	170	2	2	119	0	1953125	12	0.0	0	0.95	0	0	V0.2	0	0	19	55	29	43	38	32	52	9	45	11	48	23	32	18	36	17	46	34	54	45	46	65	33	90	20	104	40	72	52	63	78	112	242	238	420	391	396	486	323	334	185	67	71	165	224	376	680	626	777	601	473	384	158	269	633	763	1000	650	504	400	372	336	252	222	118	205	147	210	170	145	183	104	147	86	112	98	79	103	64	95	57	71	56	48	50
64	170	2	2	119	0	1953125	12	0.0	0	0.95	0	0	V0.2	0	0	12	73	16	68	27	59	36	47	32	47	50	38	48	33	31	42	40	58	46	73	70	57	79	73	107	55	140	46	161	71	146	110	89	59	247	300	290	503	392	544	402	441	419	260	225	226	515	583	876	578	559	239	151	90	489	685	777	1000	805	920	727	783	688	562	501	249	264	119	189	122	225	184	174	176	122	142	73	133	89	121	74	101	75	68	67
64	170	2	2	119	0	1953125	12	0.0	0	0.95	0	0	V0.2	0	0	238	215	250	211	253	210	255	213	254	210	251	211	248	208	242	203	237	213	220	218	211	218	203	245	172	260	160	246	181	254	149	324	57	406	223	410	385	257	447	79	332	146	253	197	186	131	476	233	745	426	321	346	409	237	568	614	715	1000	661	752	371	622	237	465	230	274	209	197	192	210	220	179	263	130	284	103	267	104	259	118	239	135	208	150	193
64	170	2	2	119	0	1953125	12	0.0	0	0.95	0	0	V0.2	0	0	23	61	26	57	36	53	52	34	45	32	50	25	47	31	40	35	50	52	57	57	82	44	96	51	121	28	102	15	100	28	191	149	262	301	346	449	365	532	377	337	232	191	228	132	215	47	294	472	883	824	775	641	77	214	459	743	860	1000	674	568	431	485	439	335	351	207	249	151	166	132	170	179	137	168	103	132	71	110	79	94	79	79	78	51	64
64	170	2	2	119	0	1953125	12	0.0	0	0.95	0	0	V0.2	0	0	15	43	10	43	4	48	12	43	20	38	26	32	30	29	20	36	30	52	41	61	57	49	68	54	88	34	95	11	75	7	110	68	174	185	240	315	265	406	302	293	175	153	152	123	186	97	272	530	916	999	994	889	438	380	328	493	575	455	142	120	138	240	207	175	206	163	208	139	123	96	89	111	73	112	65	90	50	69	50	56	62	55	61	37	47
64	170	2	2	119	0	1953125	12	0.0	0	0.94	0	0	V0.2	0	0	37	24	34	36	23	41	11	37	13	41	17	43	27	43	25	46	32	54	28	61	33	63	43	73	62	63	79	60	100	75	155	119	203	190	204	224	169	242	121	74	73	140	113	149	90	48	139	355	597	639	587	423	91	141	509	808	982	1000	701	544	371	295	223	125	94	12	83	61	112	87	121	126	106	122	78	100	64	83	63	66	65	60	65	49	59
64	170	2	2	119	0	1953125	12	0.0	0	0.84	0	0	V0.2	0	0	257	222	246	242	223	258	222	255	248	228	264	212	244	238	208	262	208	238	236	193	250	177	237	220	197	281	168	244	238	145	308	167	247	301	101	365	254	285	428	32	352	292	151	336	50	356	393	383	965	757	865	1000	538	755	355	278	75	301	236	277	319	396	87	332	147	175	219	113	214	252	124	262	192	181	229	135	224	179	190	221	160	209	160	166	186
64	170	2	2	119	0	1953125	12	0.0	0	0.84	0	0	V0.2	0	0	238	257	234	272	248	260	267	228	268	232	254	271	228	274	234	235	245	208	258	217	247	248	203	262	179	242	226	213	286	195	272	205	230	273	187	289	302	81	417	177	312	318	198	546	291	481	597	453	815	1000	587	796	481	389	502	597	735	325	446	379	220	498	204	339	307	115	350	198	163	297	115	244	224	161	267	167	223	204	170	225	153	218	194	163	215
64	170	2	2	119	0	1953125	12	0.0	0	0.95	0	0	V0.2	0	0	261	305	254	307	259	307	271	296	269	301	262	305	254	292	260	282	264	269	253	276	242	280	234	276	249	260	256	255	270	237	331	187	295	280	257	321	460	157	718	310	756	585	478	722	219	487	451	72	442	501	335	529	419	693	558	1000	919	685	177	420	177	651	403	475	451	243	420	85	325	146	317	118	342	134	306	192	267	192	259	202	245	209	215	208	202
64	170	2	2	119	0	1953125	12	0.0	0	0.96	0	0	V0.2	0	0	308	339	323	338	335	333	337	326	353	313	351	304	347	304	347	286	340	281	346	262	352	248	341	269	336	232	377	234	375	303	299	408	218	438	216	348	259	512	139	586	29	728	244	755	486	496	649	241	721	218	715	306	861	474	357	499	486	479	999	567	857	545	613	485	308	469	180	482	64	423	143	368	180	354	224	318	249	284	283	247	279	224	278	211	268
