34928	35048	35167	35286	35405	35524	35644	35763	35882	36001	36120	36240	36359	36478	36597	36716	36836	36955	37074	37193	37313	37432	37551	37670	37789	37909	38028	38147	38266	38385	38505	38624	38743	38862	38981	39101	39220	39339	39458	39577	39697	39816	39935	40054	40174	40293	40412	40531	40650	40770	40889	41008	41127	41246	41366	41485	41604	41723	41842	41962	42081	42200	42319	42439	42558	42677	42796	42915	43035	43154	43273	43392	43511	43631	43750	43869	43988	44107	44227	44346	44465	44584	44703	44823	44942
64	170	1	2	119	0	1953125	12	0.0	0	0.95	0	0	V0.2	0	0	146	120	146	125	143	130	144	141	138	143	131	151	121	155	106	160	95	162	80	160	73	155	79	154	82	152	96	140	131	117	162	112	206	102	239	100	258	97	303	158	358	197	237	324	252	447	357	351	142	275	264	450	592	739	1000	805	816	618	506	413	305	232	180	83	166	55	179	74	172	114	154	140	110	152	66	148	35	147	2	130	22	118	47	99	60
64	170	1	2	119	0	1953125	12	0.0	0	0.95	0	0	V0.2	0	0	50	9	48	7	45	17	38	22	30	20	30	28	25	23	27	21	32	25	38	35	41	41	40	52	60	90	46	96	23	111	35	139	76	127	117	133	126	130	180	121	183	81	138	196	272	358	386	294	200	160	165	211	324	472	849	804	1000	743	591	360	347	248	260	200	202	213	127	166	96	150	117	132	130	106	117	67	100	63	89	59	76	62	57	60	55
64	170	1	2	119	0	1953125	12	0.0	0	0.95	0	0	V0.2	0	0	28	54	12	54	11	52	16	39	14	37	17	31	22	34	18	36	19	40	13	55	31	53	40	70	63	57	83	54	110	43	146	66	163	72	164	146	102	155	118	286	271	346	258	342	321	275	340	235	276	158	153	261	540	857	967	815	896	1000	629	473	364	409	269	153	153	154	228	115	174	144	167	141	111	147	87	122	67	114	64	88	67	74	66	63	70
64	170	1	2	119	0	1953125	12	0.0	0	0.95	0	0	V0.2	0	0	28	54	12	54	11	52	16	39	14	37	17	31	22	34	18	36	19	40	13	55	31	53	40	70	63	57	83	54	110	43	146	66	163	72	164	146	102	155	118	286	271	346	258	342	321	275	340	235	276	158	153	261	540	857	967	815	896	1000	629	473	364	409	269	153	153	154	228	115	174	144	167	141	111	147	87	122	67	114	64	88	67	74	66	63	70
64	170	2	2	119	0	1953125	12	0.0	0	0.95	0	0	V0.2	0	0	49	33	36	37	32	47	19	42	16	43	12	41	18	37	18	42	22	44	21	62	18	65	19	85	27	95	44	79	70	99	125	79	121	51	155	77	178	144	186	155	120	124	88	254	201	357	298	205	172	189	353	417	532	691	999	848	891	703	606	483	382	303	182	194	120	173	164	152	157	121	168	106	142	95	121	91	94	94	76	83	62	83	60	70	62
64	170	2	2	119	0	1953125	12	0.0	204	1.05	0	0	V0.2	0	0	54	44	47	49	28	60	21	58	7	58	11	48	27	27	44	24	46	23	60	27	47	53	41	50	24	73	52	96	63	131	85	139	150	166	155	188	182	102	217	66	65	86	185	178	135	56	181	226	248	387	526	653	686	736	938	876	1000	882	885	831	769	529	515	433	400	208	184	176	133	111	79	135	44	123	54	89	40	94	38	58	57	57	41	48	47
64	170	2	2	119	0	1953125	12	0.0	84	1.03	0	0	V0.2	0	0	32	75	26	65	25	65	24	53	25	53	29	47	44	43	46	37	70	34	67	24	95	25	108	34	127	39	150	50	151	57	155	63	141	101	125	112	111	46	101	53	99	36	134	100	106	130	208	359	303	431	419	577	596	880	1000	947	981	944	861	902	718	557	425	453	438	283	270	164	238	104	152	81	160	60	124	77	134	53	106	72	105	53	88	69	76
64	170	2	2	119	0	1953125	12	0.0	254	1.06	0	0	V0.2	0	0	67	20	68	7	72	6	60	24	51	30	35	46	21	47	23	49	31	36	54	27	74	19	85	10	102	32	89	54	87	75	55	133	96	270	193	302	194	338	362	484	303	315	344	410	288	227	155	232	124	246	295	209	264	410	857	761	823	1000	884	931	644	611	518	544	331	325	212	235	139	151	121	103	113	75	102	49	90	30	69	29	59	30	48	39	38
64	170	2	2	119	0	1953125	12	0.0	179	1.05	0	0	V0.2	0	0	38	69	52	47	26	72	48	43	18	75	44	36	30	78	30	31	56	83	25	35	82	91	49	56	90	70	104	102	141	126	115	147	213	174	148	240	277	233	128	210	152	171	231	360	153	183	277	681	302	87	289	621	674	494	448	799	785	1000	689	563	498	446	377	366	370	218	195	167	249	122	96	102	168	68	84	90	135	38	58	71	91	26	56	68	60
64	170	2	2	119	0	1953125	12	0.0	0	0.51	0	0	V0.2	0	0	17	15	10	5	9	18	20	19	13	6	13	23	32	33	29	21	20	27	31	37	29	21	11	2	26	50	63	67	64	83	132	106	180	153	158	199	182	123	195	252	406	475	729	618	565	603	613	559	485	462	210	432	442	408	619	999	859	412	363	240	25	65	37	141	115	109	65	62	75	62	58	80	98	88	69	54	35	18	19	26	30	28	21	12	6
64	170	2	2	119	0	1953125	12	0.0	0	0.50	0	0	V0.2	0	0	16	28	32	27	16	9	24	36	38	33	19	17	35	48	50	43	27	29	51	69	77	72	61	61	71	112	117	112	116	102	66	129	169	151	162	167	168	171	303	394	387	437	621	635	785	812	999	715	647	930	568	563	490	807	773	734	701	704	998	622	405	168	47	134	138	134	133	147	111	81	94	118	135	135	111	81	57	54	65	80	74	55	35	25	47
64	170	2	2	119	0	1953125	12	0.0	0	0.55	0	0	V0.2	0	0	10	9	16	22	19	9	5	19	22	20	9	9	16	22	20	12	13	22	23	21	5	23	27	29	14	25	37	51	31	37	25	36	109	87	130	105	116	140	193	95	65	107	103	145	240	223	366	241	354	590	517	743	616	932	1000	997	719	459	385	254	352	287	303	205	210	188	182	190	149	97	70	61	69	66	54	36	26	30	34	28	20	13	20	27	28
64	170	2	2	119	0	1953125	12	0.0	0	0.58	0	0	V0.2	0	0	12	5	12	17	16	7	10	17	19	12	5	15	22	19	10	12	25	27	20	19	33	43	36	34	44	64	82	78	91	100	135	168	154	148	124	113	56	65	105	62	191	70	267	148	283	312	449	476	500	785	810	830	886	1000	907	815	849	467	597	539	265	133	52	52	79	76	69	50	24	52	68	60	29	22	42	48	37	17	19	38	41	27	8	25	34
64	170	2	2	119	0	1953125	12	0.0	0	0.63	0	0	V0.2	0	0	17	17	25	26	20	21	30	29	21	25	34	31	21	28	37	32	24	33	41	34	25	38	49	45	40	56	65	64	57	79	98	112	116	140	185	209	229	285	304	290	210	261	302	313	286	322	437	530	518	587	666	744	858	1000	810	493	419	388	254	214	237	154	82	166	229	149	92	95	128	107	53	57	77	69	36	44	59	45	20	35	49	36	15	31	40
64	170	2	2	119	0	1953125	12	0.0	0	0.66	0	0	V0.2	0	0	32	40	26	21	41	41	23	35	47	34	22	45	51	28	32	52	51	32	50	66	49	39	68	86	61	50	100	98	86	89	107	127	108	147	154	137	239	355	347	317	367	371	497	501	570	635	581	489	589	707	732	671	641	879	1000	750	749	928	840	237	189	108	217	118	65	138	184	147	104	129	124	100	54	85	95	56	44	74	71	33	41	60	50	23	40
64	170	2	2	119	0	1953125	12	0.0	0	0.69	0	0	V0.2	0	0	21	41	36	14	29	44	28	12	40	45	22	30	50	37	17	45	50	27	39	55	31	30	61	58	21	46	91	79	4	71	81	42	75	116	53	62	96	53	152	227	85	130	338	151	293	299	212	92	422	334	329	308	112	430	497	826	835	975	1000	605	336	292	243	191	172	173	97	58	51	84	93	59	63	81	71	33	43	66	50	17	49	65	37	15	59
64	170	2	2	119	0	1953125	12	0.0	0	0.67	0	0	V0.2	0	0	15	0	17	21	9	12	25	24	8	13	21	14	7	21	23	11	14	26	21	14	32	46	34	32	43	42	14	30	33	30	49	52	76	76	66	51	51	82	143	199	103	91	108	73	89	163	239	391	436	225	474	607	666	706	758	1000	987	448	305	374	172	173	248	173	85	27	29	50	35	11	58	78	44	32	52	52	26	32	46	36	17	34	36	17	22
64	170	2	2	119	0	1953125	12	0.0	0	0.77	0	0	V0.2	0	0	141	164	156	144	161	147	148	159	137	153	155	138	165	156	140	174	149	123	157	118	120	149	94	106	156	99	123	129	106	164	187	84	86	121	92	216	98	314	384	129	398	409	188	180	405	374	391	668	906	492	333	244	759	1000	759	252	654	395	657	697	599	440	289	154	311	288	134	109	46	78	136	108	48	124	87	69	112	50	74	107	37	72	88	29	85
64	170	2	2	119	0	1953125	12	0.0	0	0.81	0	0	V0.2	0	0	12	39	22	24	43	14	25	31	9	36	28	14	26	22	31	18	27	33	7	36	28	37	54	21	54	69	16	106	88	64	71	45	38	124	209	71	120	19	182	304	446	335	296	156	434	410	428	348	111	132	229	255	729	1000	945	504	714	962	837	591	173	173	146	168	142	73	90	153	116	44	88	52	21	66	45	14	39	28	40	38	18	51	35	17	47
64	170	2	2	119	0	1953125	12	0.0	0	0.95	0	0	V0.2	0	0	47	39	44	56	36	48	22	47	24	62	7	36	24	54	5	41	31	48	30	94	38	70	28	153	72	119	110	146	126	107	205	138	114	260	532	544	673	735	830	1000	642	227	559	804	835	508	546	658	546	296	438	270	152	451	946	979	936	359	349	763	659	608	400	254	123	190	221	154	145	65	186	145	154	121	87	90	58	99	54	80	51	77	50	50	55
64	170	2	2	119	0	1953125	12	0.0	0	0.70	0	0	V0.2	0	0	74	86	99	80	76	99	91	75	93	93	70	87	100	74	74	97	81	66	90	89	64	88	90	46	66	90	67	54	89	79	67	91	44	53	143	199	115	29	98	285	252	201	213	205	182	249	421	303	199	379	438	650	999	874	334	187	170	299	416	164	233	70	108	140	45	64	163	148	18	95	98	48	24	53	31	33	57	39	6	38	34	4	38	38	12
64	170	2	2	119	0	1953125	12	0.0	0	0.71	0	0	V0.2	0	0	79	93	82	78	98	89	76	94	92	76	93	97	71	87	97	71	82	102	79	69	101	77	54	101	94	39	93	116	68	45	119	88	89	222	144	49	150	135	98	166	199	33	138	237	253	223	260	137	219	227	271	700	430	217	250	565	1000	890	600	154	88	165	309	245	103	67	141	144	46	106	101	32	51	83	51	17	52	31	18	48	33	18	45	38	13
64	170	2	2	119	0	1953125	12	0.0	0	0.70	0	0	V0.2	0	0	107	83	102	111	82	91	117	92	77	107	97	71	103	109	67	87	113	78	70	114	97	59	102	95	46	84	107	69	75	99	127	89	44	36	145	112	129	194	60	153	166	86	262	287	51	234	233	301	252	268	253	296	591	507	424	983	1000	210	352	539	591	426	406	220	20	113	235	186	61	91	127	87	43	85	60	25	70	59	23	55	51	6	50	60	18
64	170	2	2	119	0	1953125	12	0.0	0	0.73	0	0	V0.2	0	0	113	96	97	118	99	96	123	106	88	115	103	82	114	106	72	103	102	71	106	104	71	111	111	41	102	115	46	107	158	70	107	185	123	98	297	246	92	192	278	175	234	248	189	448	373	96	54	283	223	246	433	329	287	480	602	1000	948	40	444	90	367	369	321	251	160	86	184	155	46	72	69	28	46	48	56	92	65	45	80	69	41	74	72	34	52
64	170	2	2	119	0	1953125	12	0.0	0	0.83	0	0	V0.2	0	0	8	23	19	5	17	7	13	14	5	20	14	6	19	20	15	5	20	15	7	23	15	16	8	36	56	19	43	79	63	46	89	72	75	109	217	153	147	156	272	209	202	183	143	294	181	123	216	109	115	176	322	108	139	238	701	967	1000	348	400	306	441	369	200	202	197	110	79	64	90	88	54	14	30	42	56	29	17	24	28	37	14	25	39	17	15
64	170	2	2	119	0	1953125	12	0.0	0	0.76	0	0	V0.2	0	0	70	85	67	79	87	68	90	92	74	97	87	65	97	80	59	96	69	59	92	54	70	101	56	74	98	24	79	81	24	80	83	62	68	60	72	144	60	140	263	260	199	257	358	282	251	68	126	101	131	159	129	260	345	199	440	301	663	927	999	545	311	213	266	193	151	82	3	65	47	14	87	69	17	81	57	31	83	54	22	64	34	30	56	19	39
64	170	2	2	119	0	1953125	12	0.0	0	0.76	0	0	V0.2	0	0	70	85	67	79	87	68	90	92	74	97	87	65	97	80	59	96	69	59	92	54	70	101	56	74	98	24	79	81	24	80	83	62	68	60	72	144	60	140	263	260	199	257	358	282	251	68	126	101	131	159	129	260	345	199	440	301	663	927	999	545	311	213	266	193	151	82	3	65	47	14	87	69	17	81	57	31	83	54	22	64	34	30	56	19	39
64	170	2	2	119	0	1953125	12	0.0	0	0.69	0	0	V0.2	0	0	27	34	25	19	32	32	17	24	37	32	18	31	36	22	24	36	34	21	34	49	31	13	40	44	12	54	57	30	30	80	72	46	65	63	73	49	80	159	182	178	193	234	355	335	265	153	84	46	220	304	313	305	266	6	379	334	449	979	1000	430	227	144	148	93	49	73	109	107	71	64	77	59	14	37	67	47	7	35	44	24	18	45	44	19	23
64	170	2	2	119	0	1953125	12	0.0	0	0.69	0	0	V0.2	0	0	16	31	35	21	21	35	28	14	31	39	27	20	35	33	21	26	40	31	22	46	46	20	28	54	22	39	60	48	28	66	82	70	44	69	87	59	71	158	204	244	186	254	377	309	316	241	111	30	270	304	318	384	399	160	438	466	498	993	1000	487	283	179	192	133	73	57	87	96	78	51	66	63	26	27	68	58	14	31	45	29	15	45	47	27	27
64	170	2	2	119	0	1953125	12	0.0	0	0.69	0	0	V0.2	0	0	29	43	37	23	36	42	27	26	47	44	25	36	48	35	29	44	50	32	42	58	42	20	54	63	20	65	74	44	41	80	79	44	84	91	86	21	127	152	171	230	237	274	399	372	374	304	141	157	322	230	273	433	488	272	428	484	474	874	1000	552	287	231	272	151	79	57	105	107	49	68	90	70	7	55	86	49	12	58	56	24	43	64	48	33	49
64	170	1	2	119	0	1953125	12	0.0	0	0.69	0	0	V0.2	0	0	21	35	42	25	24	42	38	17	29	42	32	20	40	43	24	27	41	37	19	43	54	40	19	54	50	9	59	56	25	57	86	106	34	69	58	49	69	158	169	287	187	257	504	383	325	341	195	115	350	289	337	465	415	373	289	467	458	1000	989	440	291	268	223	165	146	97	91	52	96	98	59	46	66	51	34	61	65	31	16	48	42	7	30	48	34
64	170	1	2	119	0	1953125	12	0.0	0	0.69	0	0	V0.2	0	0	18	24	35	26	15	31	35	19	14	32	30	14	27	36	25	18	30	35	15	28	45	43	15	37	55	9	39	48	20	39	65	94	42	47	29	58	80	131	145	276	207	230	482	388	289	296	189	129	319	229	347	479	366	336	315	450	441	1000	968	381	243	262	224	143	146	112	112	53	85	108	72	28	64	67	41	42	65	48	5	38	50	29	11	41	43
64	170	1	2	119	0	1953125	12	0.0	0	0.69	0	0	V0.2	0	0	30	45	38	24	39	47	28	25	47	46	28	39	52	37	29	45	49	30	40	63	51	24	51	64	14	61	82	38	48	101	95	54	57	97	61	10	123	180	220	262	213	328	484	398	372	325	108	181	357	285	368	464	396	300	394	427	549	1000	992	432	249	225	274	187	120	80	99	102	93	78	88	82	40	44	85	73	29	30	51	38	3	43	55	33	19
64	170	1	2	119	0	1953125	12	0.0	0	0.69	0	0	V0.2	0	0	29	43	35	23	38	45	27	24	45	46	27	38	51	37	29	43	48	29	40	63	51	25	50	63	12	60	76	35	50	102	91	47	57	95	58	11	121	161	233	257	192	321	474	382	363	274	58	181	325	304	415	477	320	266	362	354	632	1000	993	399	198	219	282	189	115	85	106	114	94	82	100	86	38	50	90	73	26	33	52	39	5	45	56	32	21
64	170	1	2	119	0	1953125	12	0.0	0	0.69	0	0	V0.2	0	0	27	46	44	27	37	52	38	22	44	52	35	34	54	46	31	43	54	38	36	66	63	36	46	70	29	52	80	41	45	110	104	64	53	104	60	22	94	149	253	312	185	316	513	367	333	286	78	144	331	355	519	470	215	247	302	317	682	995	1000	403	231	235	283	196	151	116	117	123	128	97	99	95	60	45	81	83	45	17	50	53	17	30	57	47	13
64	170	1	2	119	0	1953125	12	0.0	0	0.69	0	0	V0.2	0	0	18	35	37	23	26	38	31	16	34	44	29	23	41	39	24	29	46	35	26	52	53	24	38	55	26	45	59	37	41	91	70	17	57	40	87	44	101	131	268	241	159	244	344	259	240	135	117	170	281	322	392	218	131	35	237	143	738	1000	916	344	151	161	246	198	133	101	133	149	106	93	117	88	25	63	92	61	5	43	57	33	18	53	54	26	36
64	170	1	2	119	0	1953125	12	0.0	0	0.70	0	0	V0.2	0	0	16	26	19	2	17	21	10	7	19	19	10	9	17	21	17	14	27	27	9	16	38	26	8	26	39	42	28	36	61	80	30	45	90	25	135	92	88	148	266	209	79	168	268	128	200	285	217	199	288	159	273	392	579	415	149	239	924	999	901	344	176	152	234	261	204	170	184	169	154	125	111	85	57	63	72	56	33	26	32	30	22	25	26	12	16
64	170	1	2	119	0	1953125	12	0.0	0	0.77	0	0	V0.2	0	0	104	117	99	113	118	101	129	124	111	136	116	103	137	102	99	129	85	100	115	72	117	123	72	138	104	41	143	107	53	181	103	91	179	109	217	192	92	234	341	223	143	233	246	209	357	233	120	349	212	243	400	529	827	388	186	161	646	777	1000	495	303	342	391	359	331	236	150	58	165	112	20	76	93	64	34	101	79	33	80	64	39	76	52	41	71
64	170	1	2	119	0	1953125	12	0.0	0	0.70	0	0	V0.2	0	0	94	89	76	90	93	75	83	95	80	85	101	85	75	100	94	76	98	106	80	88	105	75	77	111	99	71	89	93	41	63	73	63	52	180	138	65	102	53	124	180	286	82	55	291	354	356	511	218	183	417	102	226	360	222	435	476	563	1000	732	259	457	290	273	338	204	106	175	186	57	97	129	74	19	100	98	26	48	69	39	29	63	40	18	50	37
64	170	1	2	119	0	1953125	12	0.0	0	0.68	0	0	V0.2	0	0	72	85	91	76	81	93	79	69	88	88	67	79	92	73	65	88	80	67	86	91	59	66	91	63	61	83	88	52	84	83	44	80	73	79	64	149	202	163	127	144	84	184	113	187	238	258	97	115	96	262	495	580	421	755	1000	749	638	257	347	384	323	99	96	147	220	99	79	127	120	66	60	135	105	27	52	94	58	16	67	64	13	42	59	31	15
