34928	35048	35167	35286	35405	35524	35644	35763	35882	36001	36120	36240	36359	36478	36597	36716	36836	36955	37074	37193	37313	37432	37551	37670	37789	37909	38028	38147	38266	38385	38505	38624	38743	38862	38981	39101	39220	39339	39458	39577	39697	39816	39935	40054	40174	40293	40412	40531	40650	40770	40889	41008	41127	41246	41366	41485	41604	41723	41842	41962	42081	42200	42319	42439	42558	42677	42796	42915	43035	43154	43273	43392	43511	43631	43750	43869	43988	44107	44227	44346	44465	44584	44703	44823	44942
64	170	1	2	119	0	1953125	12	0.0	0	0.95	0	0	V0.2	0	0	288	259	291	265	287	272	284	281	275	286	261	295	249	296	232	299	218	302	206	305	188	308	193	315	185	316	198	313	244	280	282	275	313	239	372	146	404	87	475	149	503	247	473	422	492	437	494	313	197	364	144	644	324	746	689	1000	755	981	488	658	256	439	284	263	349	194	402	80	398	51	389	122	353	182	307	225	263	256	217	267	181	274	154	273	130
64	170	1	2	119	0	1953125	12	0.0	0	0.95	0	0	V0.2	0	0	283	239	292	239	291	240	297	245	290	242	286	249	278	248	262	254	249	265	231	271	208	284	196	301	171	313	157	327	159	337	160	364	162	339	259	291	318	199	449	145	484	100	545	114	563	145	605	80	299	293	239	582	313	751	648	1000	793	972	504	615	235	474	61	386	146	368	245	295	289	231	331	158	342	113	339	112	324	130	296	154	267	174	238	190	209
64	170	1	2	119	0	1953125	12	0.0	0	0.95	0	0	V0.2	0	0	61	8	60	50	14	61	45	18	54	32	26	47	26	43	45	23	50	29	43	75	35	63	93	26	105	113	46	112	120	50	137	171	64	153	190	92	170	260	211	320	363	297	287	462	369	408	495	268	173	200	444	369	556	637	725	1000	969	894	725	662	467	397	386	234	264	299	224	213	265	192	155	215	159	124	173	130	96	129	100	74	105	88	71	88	72
64	170	1	2	119	0	1953125	12	0.0	0	0.95	0	0	V0.2	0	0	272	241	276	246	270	252	271	261	262	261	251	270	242	272	225	275	212	280	199	282	179	289	179	297	163	302	172	302	215	272	245	283	260	266	327	189	366	74	440	90	469	166	435	332	439	345	470	261	263	261	25	516	196	652	585	976	734	999	494	689	239	452	240	294	299	224	354	120	359	69	361	84	341	139	304	185	267	219	222	233	190	244	159	246	134
64	170	1	2	119	0	1953125	12	0.0	0	0.95	0	0	V0.2	0	0	272	241	276	246	270	252	271	261	262	261	251	270	242	272	225	275	212	280	199	282	179	289	179	297	163	302	172	302	215	272	245	283	260	266	327	189	366	74	440	90	469	166	435	332	439	345	470	261	263	261	25	516	196	652	585	976	734	999	494	689	239	452	240	294	299	224	354	120	359	69	361	84	341	139	304	185	267	219	222	233	190	244	159	246	134
64	170	1	2	119	0	1953125	12	0.0	0	0.95	0	0	V0.2	0	0	277	238	282	241	281	247	279	257	268	258	262	265	248	270	230	275	217	279	200	285	183	291	175	301	167	303	180	297	224	261	265	263	296	220	354	149	366	105	410	162	459	307	412	454	365	417	464	446	183	416	213	513	366	518	616	806	843	1000	635	575	361	366	356	185	404	45	403	77	369	150	324	227	265	273	202	291	163	301	132	288	125	277	136	252	144
64	170	1	2	119	0	1953125	12	0.0	0	0.95	0	0	V0.2	0	0	263	233	266	239	262	246	259	255	253	257	240	265	228	268	212	272	198	275	186	280	169	285	170	288	162	295	175	288	216	262	262	243	287	227	352	160	366	64	423	110	464	210	440	384	466	434	453	322	208	294	86	563	256	622	592	894	737	999	489	589	281	450	267	253	319	188	373	74	369	39	355	105	327	161	280	200	242	235	198	240	167	248	141	247	119
64	170	1	2	119	0	1953125	12	0.0	0	0.95	0	0	V0.2	0	0	279	251	296	249	300	243	303	244	310	232	307	227	307	228	296	219	291	225	283	231	268	243	253	274	237	292	215	318	171	363	123	389	112	404	135	414	220	384	377	362	410	348	547	278	585	238	603	41	407	265	528	514	644	801	938	922	1000	847	742	576	448	412	209	408	47	430	65	423	140	367	215	307	267	250	301	190	312	159	317	131	302	122	290	127	270
64	170	1	2	119	0	1953125	12	0.0	0	0.97	0	0	V0.2	0	0	22	57	21	63	6	60	8	58	12	59	29	53	30	56	36	53	33	66	27	64	19	73	12	73	30	76	42	91	38	91	47	76	88	68	128	76	178	116	245	151	239	163	285	205	244	206	265	173	193	341	406	629	552	760	894	1000	990	863	688	581	472	303	338	196	305	212	269	216	220	199	166	183	123	165	93	139	79	116	62	97	62	78	58	67	57
64	170	1	2	119	0	1953125	12	0.0	79	1.03	0	0	V0.2	0	0	75	17	70	21	63	32	58	35	42	49	37	51	28	63	29	57	52	59	61	50	94	42	104	47	134	42	165	62	153	64	176	84	199	106	209	78	237	116	248	149	169	148	122	154	267	226	314	530	481	578	543	711	706	868	865	822	1000	812	790	638	638	472	449	305	314	174	164	93	119	100	81	139	90	138	92	140	77	120	73	106	63	94	64	76	68
64	170	1	2	119	0	1953125	12	0.0	129	1.04	0	0	V0.2	0	0	78	21	87	22	74	26	74	30	59	37	43	47	32	51	11	64	28	58	55	71	59	51	103	60	110	32	169	32	151	44	199	43	235	138	257	59	291	138	236	109	269	166	215	143	451	307	454	573	711	542	605	738	858	709	667	596	1000	792	653	470	670	423	397	272	357	214	150	87	219	65	135	100	179	38	146	98	129	37	120	73	67	57	94	54	46
64	170	1	2	119	0	1953125	12	0.0	129	1.04	0	0	V0.2	0	0	58	63	54	66	45	71	37	68	28	66	19	67	30	63	41	60	56	51	78	51	87	28	111	30	132	42	160	44	167	84	216	81	253	164	274	101	230	95	215	77	217	182	213	114	388	350	423	460	617	613	620	518	608	697	922	748	1000	769	605	406	502	410	384	254	293	227	192	97	183	112	139	89	177	99	125	92	137	70	100	78	92	49	79	70	63
64	170	1	2	119	0	1953125	12	0.0	0	1.00	0	0	V0.2	0	0	67	48	57	50	56	55	44	53	42	52	36	52	46	48	46	44	60	43	68	48	78	45	92	66	94	66	116	95	103	133	142	207	150	264	229	364	196	329	222	301	215	311	308	243	354	275	374	472	602	521	686	805	965	833	907	879	1000	797	648	595	410	299	205	373	258	293	158	238	228	216	172	152	171	111	134	89	126	63	107	71	100	64	95	79	83
64	170	1	2	119	0	1953125	12	0.0	154	1.05	0	0	V0.2	0	0	18	90	37	81	44	61	66	58	57	23	75	24	51	43	60	42	36	87	20	83	40	101	60	114	87	87	143	95	154	69	222	119	241	157	299	154	261	106	268	102	241	124	251	290	517	264	365	460	454	296	392	630	485	546	900	1000	952	751	759	920	710	602	606	660	474	377	356	344	201	264	209	228	104	232	124	152	103	178	69	109	111	108	66	100	104
64	170	1	2	119	0	1953125	12	0.0	0	0.41	0	0	V0.2	0	0	10	11	12	12	10	7	4	1	7	11	17	20	22	22	22	20	17	18	18	26	31	42	52	62	59	59	59	51	43	52	56	26	26	44	73	71	39	131	113	146	124	114	189	275	300	346	349	449	372	576	722	909	1000	928	707	736	424	343	470	574	594	528	382	339	248	206	156	146	135	98	76	45	26	20	28	39	50	51	49	44	35	25	19	14	20
64	170	1	2	119	0	1953125	12	0.0	0	0.42	0	0	V0.2	0	0	3	9	14	17	18	17	13	8	7	10	17	21	23	25	21	15	7	7	16	27	32	31	37	38	43	29	34	49	38	64	104	115	161	151	179	165	198	155	143	251	289	333	394	329	282	177	94	99	70	485	548	737	983	884	942	815	1000	632	399	472	394	380	255	249	186	152	134	115	66	39	32	14	15	24	40	48	47	48	40	35	25	17	12	17	24
64	170	2	2	119	0	1953125	12	0.0	7566	2.32	0	0	V0.2	0	0	25	31	39	25	18	32	25	28	19	13	30	26	4	18	22	15	10	22	24	18	19	26	43	29	29	75	59	29	64	53	58	113	46	84	130	181	126	15	99	231	281	48	183	297	365	175	412	523	640	185	100	631	48	642	373	1000	165	966	373	720	129	201	174	111	260	121	77	61	89	82	42	71	74	65	19	40	25	32	14	23	19	22	24	22	23
64	170	2	2	119	0	1953125	12	0.0	0	0.86	0	0	V0.2	0	0	423	408	374	364	335	295	277	272	256	231	194	156	76	71	92	112	154	150	171	222	252	323	358	416	450	447	474	477	534	549	596	599	652	705	625	608	658	748	622	668	660	740	752	602	508	581	581	732	929	569	437	642	804	500	1000	532	605	849	619	502	552	341	489	438	436	512	433	508	460	393	362	339	335	330	338	357	303	312	239	200	178	182	139	166	147
64	170	2	2	119	0	1953125	12	0.0	7728	2.35	0	0	V0.2	0	0	28	30	30	30	22	29	26	33	16	10	19	23	10	9	16	17	4	18	25	16	17	14	18	36	48	52	42	56	58	73	94	96	79	47	86	90	182	75	252	253	354	155	411	444	234	253	393	155	141	565	284	382	115	846	936	903	1000	326	451	365	383	152	169	66	95	120	54	133	42	5	72	63	50	47	31	20	35	36	37	15	25	30	21	11	17
64	170	2	2	119	0	1953125	12	0.0	0	0.77	0	0	V0.2	0	0	976	991	989	1000	996	994	989	999	994	981	981	983	977	970	956	950	934	918	909	896	885	884	890	899	896	897	898	889	896	892	912	923	919	937	942	941	964	949	928	913	896	951	902	914	807	829	848	923	845	853	761	638	784	580	558	959	757	734	797	621	664	692	721	732	760	787	800	831	827	825	830	827	831	822	821	816	807	819	809	811	789	784	763	742	719
64	170	2	2	119	0	1953125	12	0.0	0	0.78	0	0	V0.2	0	0	75	29	43	64	15	44	51	16	52	38	16	52	35	30	50	47	57	50	79	93	41	104	117	38	136	153	134	242	268	243	374	373	259	330	440	353	463	374	202	481	515	453	559	627	612	487	438	562	769	790	621	791	834	628	420	1000	723	836	472	311	543	467	227	320	240	157	151	191	181	188	171	100	147	141	47	99	133	58	81	102	48	62	75	44	62
64	170	2	2	119	0	1953125	12	0.0	7850	2.37	0	0	V0.2	0	0	32	20	23	32	30	17	21	25	30	13	17	15	25	6	13	25	23	9	29	27	25	14	29	32	23	64	12	94	53	81	24	133	72	32	100	83	48	105	107	92	112	65	238	170	325	378	452	68	404	592	574	665	322	713	994	466	280	1000	424	452	504	224	140	264	61	85	52	35	36	31	1	18	28	30	15	5	11	9	7	12	5	3	10	14	19
64	170	2	2	119	0	1953125	12	0.0	7586	2.32	0	0	V0.2	0	0	86	70	61	96	67	83	19	87	74	32	24	54	37	43	17	92	60	43	41	84	45	88	50	120	117	72	116	83	87	211	117	240	256	117	249	108	316	166	502	435	497	303	183	355	583	668	250	331	556	1000	870	624	356	483	738	589	557	259	246	267	413	229	364	404	318	351	110	104	76	189	124	103	53	148	75	95	30	88	67	63	34	47	30	50	57
64	170	2	2	119	0	1953125	12	0.0	7823	2.36	0	0	V0.2	0	0	48	71	19	22	61	53	32	3	46	32	50	31	26	41	31	12	44	66	6	17	82	39	57	44	101	63	86	48	23	200	203	139	71	163	145	47	73	124	76	203	283	413	278	214	260	347	499	289	93	556	1000	928	596	293	623	711	544	442	455	358	264	70	236	217	136	147	27	154	107	70	45	97	46	14	53	81	31	49	59	36	60	61	40	14	56
64	170	2	2	119	0	1953125	12	0.0	0	0.95	0	0	V0.2	0	0	35	25	21	36	17	25	36	9	25	28	7	25	21	23	28	18	32	19	21	32	4	31	34	10	51	32	36	70	24	54	67	4	90	52	12	85	65	54	193	227	106	206	192	219	343	296	398	505	515	459	736	550	299	331	263	479	950	1000	664	341	184	147	269	251	158	153	111	78	76	36	29	69	35	40	77	33	36	53	20	29	36	16	36	26	24
64	170	2	2	119	0	1953125	12	0.0	0	0.80	0	0	V0.2	0	0	35	25	21	36	17	25	36	9	25	28	7	25	21	23	28	18	32	19	21	32	4	31	34	10	51	32	36	70	24	54	67	4	90	52	12	85	65	54	193	227	106	206	192	219	343	296	398	505	515	459	736	550	299	331	263	479	950	1000	664	341	184	147	269	251	158	153	111	78	76	36	29	69	35	40	77	33	36	53	20	29	36	16	36	26	24
64	170	2	2	119	0	1953125	12	0.0	0	0.94	0	0	V0.2	0	0	36	24	47	7	42	2	42	4	45	25	42	30	47	39	39	32	53	39	50	52	62	62	57	94	49	97	59	126	68	95	90	133	158	148	269	210	196	109	143	188	427	497	604	703	494	414	299	73	99	322	345	258	202	294	735	750	999	958	706	503	274	169	130	200	150	166	162	110	123	105	176	99	119	103	130	109	80	106	67	75	51	80	54	57	60
64	170	2	2	119	0	1953125	12	0.0	0	0.79	0	0	V0.2	0	0	45	18	27	44	13	26	39	14	33	30	18	36	25	25	33	22	32	26	30	39	17	48	48	9	67	70	34	103	99	75	142	111	111	157	119	117	254	308	235	275	217	206	173	237	273	502	669	634	585	277	281	273	165	182	604	959	1000	586	216	30	252	224	179	243	153	74	77	61	51	73	73	51	69	37	49	64	25	30	58	31	22	48	32	26	36
64	170	2	2	119	0	1953125	12	0.0	0	0.79	0	0	V0.2	0	0	51	24	31	49	19	27	40	11	32	31	14	39	30	19	35	24	30	24	32	36	8	45	50	6	68	74	40	97	86	67	125	65	64	103	115	102	209	149	167	219	108	99	88	210	397	624	658	504	443	308	417	999	958	784	885	799	939	589	46	307	490	398	221	233	127	54	73	105	102	133	102	75	109	55	36	74	51	11	55	37	20	46	27	28	31
64	170	2	2	119	0	1953125	12	0.0	7655	2.33	0	0	V0.2	0	0	28	31	21	24	26	14	19	9	17	14	10	7	11	7	7	5	21	10	25	20	24	21	24	37	43	39	10	25	33	30	8	7	86	46	129	39	54	32	167	63	238	279	131	233	261	237	106	137	526	348	564	293	430	828	999	758	632	511	474	566	271	362	236	148	160	83	53	31	47	36	73	21	50	43	34	29	34	23	23	26	10	26	9	9	19
64	170	2	2	119	0	1953125	12	0.0	7655	2.33	0	0	V0.2	0	0	28	31	21	24	26	14	19	9	17	14	10	7	11	7	7	5	21	10	25	20	24	21	24	37	43	39	10	25	33	30	8	7	86	46	129	39	54	32	167	63	238	279	131	233	261	237	106	137	526	348	564	293	430	828	999	758	632	511	474	566	271	362	236	148	160	83	53	31	47	36	73	21	50	43	34	29	34	23	23	26	10	26	9	9	19
64	170	2	2	119	0	1953125	12	0.0	7830	2.36	0	0	V0.2	0	0	65	67	40	72	58	55	34	51	60	28	27	27	45	15	17	38	52	11	38	50	73	36	52	103	65	65	63	103	109	98	111	172	36	156	18	158	42	212	206	236	274	88	225	181	208	410	338	267	558	900	808	566	165	724	1000	951	741	429	238	261	183	229	122	177	5	199	52	72	111	216	30	90	48	88	81	77	73	51	76	33	49	35	92	42	30
64	170	2	2	119	0	1953125	12	0.0	0	0.69	0	0	V0.2	0	0	539	529	518	490	509	504	503	497	504	516	532	523	549	564	577	596	608	616	626	638	667	648	644	666	677	716	671	716	774	765	750	766	781	717	797	834	814	741	835	767	708	880	838	779	521	557	568	567	544	266	512	602	710	854	947	908	965	1000	606	524	625	507	482	582	575	522	556	527	489	517	483	517	500	495	499	531	493	537	547	537	566	583	586	614	632
64	170	2	2	119	0	1953125	12	0.0	7496	2.31	0	0	V0.2	0	0	32	33	41	47	27	21	40	32	19	7	34	35	10	17	29	26	10	29	47	36	23	41	47	60	59	54	24	27	102	30	67	139	45	133	66	261	147	175	137	103	218	49	274	47	428	254	362	194	330	519	274	808	829	561	1000	689	460	396	797	442	904	432	331	234	313	63	87	112	138	76	13	61	97	33	30	18	29	49	38	25	32	41	26	25	24
64	170	2	2	119	0	1953125	12	0.0	0	0.70	0	0	V0.2	0	0	925	931	947	951	957	963	977	980	982	986	990	1000	989	988	988	993	990	976	977	975	964	948	943	953	942	929	919	907	911	898	890	873	879	891	879	867	849	817	788	833	842	857	890	821	881	888	841	740	778	872	830	969	854	858	994	736	680	709	771	762	888	776	755	754	727	729	738	747	742	738	742	732	731	728	730	735	734	736	741	748	746	752	749	759	762
64	170	2	2	119	0	1953125	12	0.0	7507	2.31	0	0	V0.2	0	0	93	77	46	56	87	79	35	36	70	68	38	40	72	58	14	52	76	62	14	66	102	82	40	73	128	87	48	26	115	198	71	57	195	218	195	81	268	247	198	250	577	337	295	742	67	384	391	543	121	770	321	903	102	803	454	193	1000	435	751	384	434	397	340	180	176	183	99	58	104	35	114	80	44	79	41	92	66	29	17	71	71	41	12	41	71
64	170	2	2	119	0	1953125	12	0.0	7490	2.30	0	0	V0.2	0	0	81	52	61	70	73	54	38	54	58	41	24	30	45	28	24	26	60	21	55	34	84	46	54	68	124	70	77	152	43	162	32	249	117	281	241	219	204	161	147	429	374	635	804	903	999	660	461	80	378	469	641	765	683	832	673	421	495	512	739	501	430	228	284	268	112	198	267	69	84	49	143	66	59	64	84	76	102	71	81	45	70	33	11	66	72
64	170	2	2	119	0	1953125	12	0.0	104	1.04	0	0	V0.2	0	0	416	392	337	341	358	334	282	246	270	248	164	151	190	181	104	159	190	201	192	244	312	334	308	389	432	443	424	475	516	555	513	503	578	532	577	474	544	523	513	597	420	519	779	169	781	115	854	419	381	180	618	771	92	572	1000	376	818	537	685	590	128	522	605	381	446	466	473	369	397	373	384	373	314	320	311	276	246	259	165	170	147	122	105	66	42
64	170	2	2	119	0	1953125	12	0.0	129	1.04	0	0	V0.2	0	0	51	99	55	100	25	115	53	90	32	119	53	79	79	111	75	74	129	100	114	83	171	72	147	102	207	68	212	153	235	103	261	191	319	161	331	224	353	232	382	319	429	412	556	462	496	547	708	563	647	718	866	578	797	903	1000	604	709	832	713	309	409	431	551	267	283	278	377	147	245	220	268	96	216	175	183	80	184	136	120	88	155	99	84	102	124
64	170	2	2	119	0	1953125	12	0.0	149	1.05	0	0	V0.2	0	0	63	95	66	82	81	87	82	64	97	69	89	59	106	62	86	81	104	89	88	130	104	136	95	179	93	176	92	219	96	239	139	285	198	348	233	365	237	327	178	291	189	360	281	489	339	574	562	746	621	880	781	780	599	839	938	1000	975	973	748	772	626	683	505	497	324	400	301	327	238	303	199	259	186	235	142	193	130	173	100	148	103	125	90	122	99
