34928	35048	35167	35286	35405	35524	35644	35763	35882	36001	36120	36240	36359	36478	36597	36716	36836	36955	37074	37193	37313	37432	37551	37670	37789	37909	38028	38147	38266	38385	38505	38624	38743	38862	38981	39101	39220	39339	39458	39577	39697	39816	39935	40054	40174	40293	40412	40531	40650	40770	40889	41008	41127	41246	41366	41485	41604	41723	41842	41962	42081	42200	42319	42439	42558	42677	42796	42915	43035	43154	43273	43392	43511	43631	43750	43869	43988	44107	44227	44346	44465	44584	44703	44823	44942
64	170	1	2	119	0	1953125	12	0.0	0	0.94	0	0	V0.2	0	0	19	79	49	60	77	26	79	16	84	37	66	56	71	64	65	75	74	91	62	121	63	135	66	142	137	130	183	103	206	103	215	189	201	197	81	265	89	192	215	255	428	321	452	584	688	828	811	753	581	532	562	475	707	534	878	866	1000	997	773	727	483	440	324	273	367	262	339	263	262	272	196	271	173	219	182	162	185	116	164	112	132	118	103	120	91
64	170	1	2	119	0	1953125	12	0.0	0	0.95	0	0	V0.2	0	0	268	322	268	325	263	331	268	332	265	324	266	323	268	313	262	301	276	288	278	262	295	249	314	217	328	201	363	175	372	149	400	157	410	206	349	253	309	377	202	512	172	617	95	704	282	785	420	596	325	430	417	272	543	266	852	497	999	603	812	323	615	85	467	166	386	291	320	355	236	390	140	405	95	394	116	355	162	322	202	280	220	248	236	216	241
64	170	1	2	119	0	1953125	12	0.0	0	0.95	0	0	V0.2	0	0	329	351	350	341	358	337	371	329	374	317	378	309	383	296	376	279	378	278	372	262	373	266	364	282	362	289	351	329	301	387	265	435	243	443	184	485	201	508	272	549	406	499	633	401	775	387	914	275	710	84	660	272	761	441	891	800	1000	887	774	665	544	488	219	483	32	549	92	508	184	440	287	364	352	285	379	221	385	191	377	172	358	174	339	179	314
64	170	1	2	119	0	1953125	12	0.0	0	0.95	0	0	V0.2	0	0	96	31	89	19	98	10	88	20	78	26	72	40	61	32	73	40	78	39	101	52	123	70	121	99	138	136	137	168	113	246	116	316	148	280	206	302	239	229	410	358	544	358	555	640	809	882	996	804	679	606	494	570	510	511	852	714	1000	927	886	722	750	479	510	339	403	453	328	388	235	329	213	262	204	208	195	144	186	111	152	89	132	85	96	85	86
64	170	1	2	119	0	1953125	12	0.0	0	0.95	0	0	V0.2	0	0	332	349	326	357	320	370	315	378	305	374	299	380	292	371	280	366	282	358	276	345	284	335	310	311	319	300	348	282	381	224	433	183	459	191	438	184	407	315	367	459	391	576	185	741	207	830	310	703	124	557	276	507	304	444	742	737	1000	921	835	586	626	225	507	48	485	120	475	223	416	305	338	365	267	398	201	396	170	390	169	360	182	335	199	308	208
64	170	1	2	119	0	1953125	12	0.0	0	0.95	0	0	V0.2	0	0	332	349	326	357	320	370	315	378	305	374	299	380	292	371	280	366	282	358	276	345	284	335	310	311	319	300	348	282	381	224	433	183	459	191	438	184	407	315	367	459	391	576	185	741	207	830	310	703	124	557	276	507	304	444	742	737	1000	921	835	586	626	225	507	48	485	120	475	223	416	305	338	365	267	398	201	396	170	390	169	360	182	335	199	308	208
64	170	1	2	119	0	1953125	12	0.0	0	0.95	0	0	V0.2	0	0	346	283	351	290	346	296	349	306	335	311	325	321	311	323	292	333	270	339	250	352	221	362	211	371	190	380	190	381	216	385	244	402	293	346	386	287	419	125	522	70	623	171	603	422	692	604	728	465	526	532	371	661	265	655	361	798	508	1000	440	842	262	553	222	355	358	305	436	200	439	108	442	87	425	137	385	190	346	232	298	257	258	269	226	274	195
64	170	1	2	119	0	1953125	12	0.0	0	0.95	0	0	V0.2	0	0	317	297	315	305	307	317	305	328	291	329	282	335	270	335	252	340	240	342	225	342	216	343	226	334	236	326	261	318	307	277	361	251	406	196	422	165	430	134	471	352	458	403	364	586	468	740	558	732	316	671	176	529	187	534	540	848	806	1000	665	653	390	343	395	152	464	31	470	61	441	158	384	232	335	283	273	312	224	327	188	320	166	311	160	296	156
64	170	1	2	119	0	1953125	12	0.0	0	0.95	0	0	V0.2	0	0	340	310	342	320	330	335	327	345	314	348	303	358	289	358	270	362	256	365	241	363	228	365	240	356	238	358	269	339	309	312	368	280	401	232	451	167	445	177	457	263	536	419	436	588	534	730	544	631	346	635	107	619	317	829	748	903	751	1000	546	696	292	422	402	204	472	104	504	33	465	111	435	210	379	271	313	306	267	328	221	328	190	329	175	315	161
64	170	1	2	119	0	1953125	12	0.0	0	0.95	0	0	V0.2	0	0	259	299	258	302	252	310	256	315	248	309	243	313	245	300	236	296	246	285	242	269	257	257	277	228	292	211	328	192	342	143	371	125	392	158	357	186	335	345	209	431	214	523	49	614	156	718	306	590	197	502	340	426	510	346	740	509	1000	655	713	362	528	121	426	83	398	205	352	273	289	324	201	348	153	361	116	337	130	321	157	290	172	262	194	233	202
64	170	1	2	119	0	1953125	12	0.0	0	0.95	0	0	V0.2	0	0	332	277	338	285	331	290	330	302	321	303	311	309	299	314	279	321	263	328	244	338	214	349	202	365	180	370	178	380	216	368	260	371	287	331	380	268	390	127	530	77	551	170	598	410	634	488	716	461	455	461	317	692	254	671	476	933	670	999	363	717	208	496	227	331	352	270	420	167	430	85	427	89	406	143	363	196	328	234	279	251	240	269	209	272	181
64	170	1	2	119	0	1953125	12	0.0	0	0.95	0	0	V0.2	0	0	271	326	267	327	267	333	272	333	270	328	269	326	269	312	270	302	280	285	280	265	299	247	312	217	333	202	359	182	361	159	397	161	401	194	367	256	292	388	165	539	108	576	84	683	169	685	323	585	320	396	484	375	664	338	931	522	1000	530	807	370	579	42	429	172	366	281	313	358	233	383	148	398	112	389	122	355	160	330	198	284	216	254	238	222	241
64	170	1	2	119	0	1953125	12	0.0	0	0.94	0	0	V0.2	0	0	43	51	57	39	70	19	66	17	72	22	66	41	65	40	72	53	77	47	94	64	99	81	105	112	99	145	96	161	65	199	105	209	144	187	196	171	188	122	250	210	336	351	380	488	411	546	496	418	320	355	424	538	662	597	895	786	1000	806	698	561	476	318	226	272	208	301	235	260	226	196	236	156	205	135	181	132	138	128	111	121	84	111	85	97	80
64	170	1	2	119	0	1953125	12	0.0	6260	2.09	0	0	V0.2	0	0	31	30	26	25	29	30	30	27	21	24	26	22	19	18	19	14	17	22	23	18	26	28	21	54	51	49	56	37	68	69	50	99	57	130	69	215	180	147	255	196	145	95	235	378	232	262	598	304	79	289	108	314	421	324	531	207	1000	595	288	378	440	265	131	95	64	33	29	93	16	19	30	34	54	26	16	18	26	4	11	9	7	13	12	8	8
64	170	1	2	119	0	1953125	12	0.0	6235	2.09	0	0	V0.2	0	0	68	30	33	57	43	48	25	63	16	61	30	47	22	54	47	31	68	48	72	41	111	45	100	67	132	50	129	98	111	113	191	265	244	171	252	301	313	222	251	57	92	333	295	368	490	796	752	524	343	659	842	676	356	545	1000	922	696	336	192	228	138	152	172	205	232	222	218	89	86	132	115	105	85	106	64	117	91	111	70	100	69	71	56	77	52
64	170	1	2	119	0	1953125	12	0.0	6235	2.09	0	0	V0.2	0	0	68	30	33	57	43	48	25	63	16	61	30	47	22	54	47	31	68	48	72	41	111	45	100	67	132	50	129	98	111	113	191	265	244	171	252	301	313	222	251	57	92	333	295	368	490	796	752	524	343	659	842	676	356	545	1000	922	696	336	192	228	138	152	172	205	232	222	218	89	86	132	115	105	85	106	64	117	91	111	70	100	69	71	56	77	52
64	170	1	2	119	0	1953125	12	0.0	59	1.03	0	0	V0.2	0	0	301	292	266	251	260	245	216	198	187	175	139	128	122	106	92	120	128	155	164	200	222	239	258	297	306	308	337	383	357	367	413	430	350	442	353	434	377	459	300	457	430	172	450	389	410	233	331	552	402	321	131	999	264	745	465	950	341	262	571	264	484	190	373	345	279	360	277	310	296	316	242	259	251	257	217	179	175	197	172	107	102	113	92	39	30
64	170	1	2	119	0	1953125	12	0.0	156	1.05	0	0	V0.2	0	0	69	111	58	112	25	125	35	106	40	111	50	85	92	81	98	77	136	73	145	113	157	139	180	186	163	226	200	252	165	333	229	365	291	492	327	434	402	589	436	650	609	797	657	888	800	907	769	957	747	898	692	797	619	923	999	834	627	629	502	638	401	511	358	481	218	327	231	331	142	257	168	233	119	193	120	137	117	127	105	87	119	87	91	79	102
64	170	2	2	119	0	1953125	12	0.0	179	1.05	0	0	V0.2	0	0	101	80	95	59	109	52	103	37	106	29	103	56	95	65	92	96	78	132	85	152	75	205	103	225	109	255	109	238	164	331	202	369	326	464	322	537	526	644	514	698	586	775	686	884	717	883	838	1000	737	759	521	752	556	533	492	761	791	929	643	720	607	656	464	578	379	434	290	366	212	270	148	247	114	199	98	177	72	156	82	133	82	129	89	104	90
64	170	2	2	119	0	1953125	12	0.0	129	1.04	0	0	V0.2	0	0	62	112	58	115	57	120	58	119	63	122	67	122	85	121	99	126	125	127	150	136	165	133	196	152	210	148	237	144	244	169	263	179	319	256	361	298	364	313	412	357	494	509	630	696	764	812	875	836	738	904	859	721	629	884	951	954	1000	991	787	692	586	588	498	495	323	414	307	350	227	334	239	293	202	280	189	229	163	214	140	169	137	167	118	139	135
64	170	2	2	119	0	1953125	12	0.0	7595	2.32	0	0	V0.2	0	0	61	54	45	35	53	44	36	36	37	33	21	22	33	33	17	27	45	39	28	49	54	58	47	82	111	48	20	91	125	114	119	33	34	186	163	114	57	94	48	265	120	306	160	357	251	75	182	642	404	93	254	493	655	689	450	756	951	1000	258	477	137	208	112	129	52	95	80	83	89	5	41	60	81	36	47	45	68	28	39	29	42	33	25	22	20
64	170	2	2	119	0	1953125	12	0.0	7696	2.34	0	0	V0.2	0	0	52	79	29	56	62	47	44	26	50	39	31	5	48	13	20	25	38	26	28	36	45	100	14	96	42	77	69	62	94	139	42	60	75	142	226	224	422	301	196	115	193	197	146	337	677	715	648	479	332	585	731	1000	915	792	716	486	245	107	237	270	242	324	150	175	188	85	130	130	31	106	22	108	58	41	25	66	42	28	12	33	30	15	16	12	32
64	170	2	2	119	0	1953125	12	0.0	7621	2.33	0	0	V0.2	0	0	47	87	41	66	29	75	49	43	21	59	28	39	24	58	18	12	32	39	57	36	79	110	28	56	43	102	107	45	72	123	113	60	60	83	328	370	410	510	247	219	136	272	301	160	211	266	36	250	394	758	941	956	1000	910	742	872	735	453	274	165	527	491	458	310	36	66	155	127	86	62	119	107	55	64	41	38	66	39	52	31	60	43	25	28	51
64	170	2	2	119	0	1953125	12	0.0	7703	2.34	0	0	V0.2	0	0	77	31	48	34	59	36	38	40	38	42	32	33	10	44	18	37	29	51	18	17	79	45	59	29	84	40	52	65	85	68	131	40	119	53	117	47	139	61	48	73	66	43	77	26	121	142	214	275	104	228	541	961	1000	969	606	340	400	580	496	305	187	73	87	171	147	98	66	90	54	59	9	110	40	44	28	98	23	37	6	36	38	25	30	10	46
64	170	2	2	119	0	1953125	12	0.0	0	0.59	0	0	V0.2	0	0	14	10	21	45	20	35	35	28	22	25	29	22	65	31	28	47	54	8	7	18	45	35	36	59	31	41	81	134	68	81	103	138	144	45	161	88	173	166	74	207	370	275	150	176	436	551	17	211	185	590	752	1000	799	559	599	942	795	623	244	108	330	207	246	116	141	94	49	31	55	49	32	26	54	70	49	30	29	39	46	25	24	45	23	13	31
64	170	2	2	119	0	1953125	12	0.0	7748	2.35	0	0	V0.2	0	0	37	23	37	46	31	15	31	42	20	7	23	33	19	11	36	32	18	28	47	40	23	36	47	47	58	55	110	43	29	21	41	50	101	41	84	79	128	96	76	66	8	214	99	79	87	356	137	253	401	1000	240	498	693	555	475	204	865	512	292	232	136	209	64	39	44	228	48	92	49	66	50	9	57	57	55	13	28	43	42	22	10	28	43	20	13
64	170	2	2	119	0	1953125	12	0.0	0	0.64	0	0	V0.2	0	0	28	25	36	31	14	51	26	41	6	23	40	26	34	50	65	19	29	51	45	81	47	65	79	90	74	89	70	16	66	87	88	75	299	208	200	353	235	83	139	105	150	320	252	683	561	422	407	472	466	191	136	614	670	241	849	579	813	1000	652	736	287	26	117	125	74	112	146	68	83	52	24	22	38	53	66	54	87	20	38	57	44	42	40	9	4
64	170	2	2	119	0	1953125	12	0.0	0	0.65	0	0	V0.2	0	0	25	6	26	37	26	4	28	36	18	16	37	35	13	27	47	33	7	38	55	30	24	48	43	11	39	77	70	43	55	89	98	57	63	104	149	182	257	263	226	234	291	314	247	449	453	283	170	539	872	776	672	234	88	528	1000	937	533	993	397	170	166	370	340	153	48	110	151	121	64	81	84	67	39	73	73	49	26	55	60	32	27	49	47	22	33
64	170	2	2	119	0	1953125	12	0.0	0	0.68	0	0	V0.2	0	0	16	24	11	10	21	17	3	21	24	8	18	33	25	5	27	33	15	20	31	21	28	48	47	25	45	76	70	68	76	76	53	107	174	189	113	126	193	302	316	150	112	154	404	363	171	222	267	189	359	595	391	197	280	918	970	481	496	1000	507	89	123	166	296	161	59	97	135	72	85	121	98	48	39	79	64	23	31	43	24	14	42	44	19	12	37
64	170	2	2	119	0	1953125	12	0.0	0	0.96	0	0	V0.2	0	0	255	218	243	210	254	228	256	213	243	228	251	226	228	216	235	235	216	212	211	225	216	214	198	200	230	213	199	212	212	246	191	256	183	280	182	324	90	253	166	571	246	597	334	335	330	288	181	579	646	252	543	74	539	107	487	488	1000	379	520	96	348	68	307	80	357	207	228	185	212	229	201	249	127	234	164	251	143	214	143	235	159	200	128	204	148
64	170	2	2	119	0	1953125	12	0.0	0	0.96	0	0	V0.2	0	0	42	67	44	90	11	82	9	72	5	78	37	64	30	63	23	53	37	90	32	51	14	93	41	156	103	96	69	101	75	168	243	200	295	83	60	208	520	625	839	775	530	399	167	189	472	898	983	881	316	288	384	833	988	1000	991	706	810	857	918	636	481	434	358	352	238	346	228	235	112	220	212	137	147	119	171	73	128	72	100	44	104	86	68	61	53
64	170	2	2	119	0	1953125	12	0.0	0	0.73	0	0	V0.2	0	0	9	15	26	15	10	24	17	11	24	20	9	24	22	13	25	24	19	27	26	27	38	30	35	52	39	22	59	60	47	86	101	36	56	121	152	115	150	79	50	171	291	274	249	350	380	182	188	272	364	286	136	173	207	461	922	1000	614	279	165	414	458	219	125	117	85	88	104	129	74	30	49	57	31	36	61	45	13	36	40	19	25	33	22	21	27
64	170	2	2	119	0	1953125	12	0.0	0	0.73	0	0	V0.2	0	0	9	15	26	15	10	24	17	11	24	20	9	24	22	13	25	24	19	27	26	27	38	30	35	52	39	22	59	60	47	86	101	36	56	121	152	115	150	79	50	171	291	274	249	350	380	182	188	272	364	286	136	173	207	461	922	1000	614	279	165	414	458	219	125	117	85	88	104	129	74	30	49	57	31	36	61	45	13	36	40	19	25	33	22	21	27
64	170	2	2	119	0	1953125	12	0.0	0	0.95	0	0	V0.2	0	0	170	208	177	214	173	218	173	218	178	212	176	208	183	197	186	189	182	185	194	161	207	143	218	124	228	118	224	115	266	87	273	200	171	181	247	210	222	395	84	366	46	359	156	368	266	179	154	712	696	770	1000	624	654	393	111	338	722	382	455	183	490	239	425	307	185	228	154	212	129	270	57	245	84	242	95	220	126	201	141	178	166	141	175	123	163
64	170	2	2	119	0	1953125	12	0.0	0	0.73	0	0	V0.2	0	0	43	20	19	45	33	6	36	36	4	32	39	19	21	28	25	26	25	27	34	22	27	55	37	27	80	81	7	85	115	71	74	155	122	185	228	197	67	186	241	219	274	194	197	237	315	576	481	342	419	547	778	999	884	804	725	355	433	735	487	108	91	309	414	281	237	205	156	110	147	163	113	78	99	91	61	55	64	52	43	40	37	47	41	26	42
64	170	2	2	119	0	1953125	12	0.0	0	0.73	0	0	V0.2	0	0	249	244	223	255	252	227	258	258	226	259	262	219	250	258	212	239	251	202	232	248	188	224	240	177	239	254	175	241	278	184	212	272	200	196	287	253	162	386	342	61	412	475	204	307	470	211	471	446	232	503	653	548	303	540	359	225	1000	831	655	500	147	223	450	326	70	271	269	96	250	314	139	180	262	166	156	245	176	162	234	189	165	228	191	156	209
64	170	2	2	119	0	1953125	12	0.0	0	0.74	0	0	V0.2	0	0	181	199	196	194	210	199	193	213	204	189	205	195	179	195	184	168	192	184	166	187	170	163	196	179	170	204	166	138	220	230	141	246	231	32	267	248	81	317	330	83	267	384	289	88	362	271	145	346	161	271	565	592	532	750	999	664	334	334	57	453	491	126	110	179	124	118	207	143	112	170	160	121	201	176	129	176	175	142	174	167	135	166	162	120	145
64	170	2	2	119	0	1953125	12	0.0	7903	2.38	0	0	V0.2	0	0	25	23	23	21	21	27	20	22	21	23	14	20	17	14	8	14	12	19	10	19	22	15	16	38	45	27	54	42	22	41	108	40	33	87	206	202	219	131	114	196	121	213	114	113	142	168	192	603	202	741	187	375	136	1000	689	806	232	729	754	675	500	262	47	213	145	111	5	59	62	22	4	21	31	49	17	36	23	6	3	12	10	7	8	4	18
64	170	2	2	119	0	1953125	12	0.0	0	0.70	0	0	V0.2	0	0	208	189	204	191	176	181	163	139	118	112	83	55	55	38	29	24	45	75	101	132	149	188	214	220	278	295	313	327	367	350	369	412	372	380	467	416	496	566	473	480	542	572	402	416	249	520	544	592	713	788	1000	934	608	476	521	146	621	493	661	699	421	398	350	307	325	254	227	203	237	218	220	213	212	209	195	208	226	158	191	195	171	160	146	142	115
64	170	2	2	119	0	1953125	12	0.0	7918	2.38	0	0	V0.2	0	0	26	23	19	24	25	24	14	24	20	15	8	17	16	9	7	10	16	14	8	21	23	20	17	27	51	35	44	33	26	53	76	29	48	55	103	50	231	111	34	126	146	233	175	199	101	306	276	121	69	404	322	246	585	350	571	168	561	1000	621	536	157	158	106	85	71	63	16	31	14	44	30	18	8	56	27	7	7	18	13	7	2	4	18	2	3
