34928	35048	35167	35286	35405	35524	35644	35763	35882	36001	36120	36240	36359	36478	36597	36716	36836	36955	37074	37193	37313	37432	37551	37670	37789	37909	38028	38147	38266	38385	38505	38624	38743	38862	38981	39101	39220	39339	39458	39577	39697	39816	39935	40054	40174	40293	40412	40531	40650	40770	40889	41008	41127	41246	41366	41485	41604	41723	41842	41962	42081	42200	42319	42439	42558	42677	42796	42915	43035	43154	43273	43392	43511	43631	43750	43869	43988	44107	44227	44346	44465	44584	44703	44823	44942
64	170	1	2	119	0	1953125	12	0.0	0	0.95	0	0	V0.2	0	0	363	321	370	333	366	330	366	343	361	347	347	348	341	355	324	354	307	359	298	368	267	374	257	390	237	388	231	390	262	391	291	377	308	339	380	302	431	115	613	80	585	153	615	310	734	391	675	260	421	341	210	654	169	749	467	850	493	1000	429	791	208	489	276	366	353	295	438	173	439	121	430	126	408	176	377	224	337	260	296	283	263	294	231	300	206
64	170	1	2	119	0	1953125	12	0.0	0	0.95	0	0	V0.2	0	0	313	372	326	373	329	368	340	365	347	352	348	342	358	332	356	311	363	300	363	280	370	264	381	244	390	245	391	259	364	298	353	325	341	375	253	414	217	525	122	608	162	581	351	638	366	556	478	326	423	239	476	86	678	412	1000	603	999	629	842	368	560	314	361	365	233	472	96	471	90	450	153	402	224	358	288	295	314	256	337	222	337	196	333	188	319
64	170	1	2	119	0	1953125	12	0.0	0	0.95	0	0	V0.2	0	0	363	406	383	402	390	395	405	389	414	375	416	363	423	352	416	334	423	326	420	308	416	311	413	314	410	326	394	363	340	419	300	463	291	486	220	518	262	535	349	557	408	526	608	477	626	375	781	200	600	154	573	397	611	668	899	877	1000	906	762	641	498	511	206	518	45	551	127	505	218	441	328	345	372	288	422	229	413	207	414	216	388	218	360	237	336
64	170	1	2	119	0	1953125	12	0.0	0	0.95	0	0	V0.2	0	0	72	49	53	53	44	67	25	61	17	59	13	59	21	47	23	58	22	56	24	80	15	91	26	118	31	127	66	111	107	115	158	112	163	68	208	92	198	247	294	341	322	482	418	557	351	494	443	276	308	198	336	375	506	620	935	872	1000	867	714	640	435	406	280	311	259	304	293	237	255	171	242	144	191	137	156	127	104	126	81	105	63	98	64	73	63
64	170	1	2	119	0	1953125	12	0.0	0	0.95	0	0	V0.2	0	0	70	47	54	53	47	64	25	61	20	60	12	58	24	48	22	58	27	57	21	79	19	89	27	119	33	118	61	111	109	127	164	106	148	62	230	118	200	229	336	384	335	431	374	525	316	474	452	299	290	138	369	446	654	730	891	789	1000	930	782	618	415	381	278	305	268	311	297	246	254	178	239	143	189	136	159	132	109	125	86	106	66	101	64	76	68
64	170	1	2	119	0	1953125	12	0.0	129	1.04	0	0	V0.2	0	0	52	93	26	97	19	97	9	77	36	70	41	38	65	33	65	31	84	46	69	85	65	106	43	156	24	175	66	203	56	229	102	272	163	304	186	236	221	285	282	378	414	396	396	512	605	475	579	627	484	607	663	575	527	661	1000	918	957	728	691	737	688	498	407	334	221	184	125	56	128	46	189	98	191	93	179	77	135	58	112	48	83	59	68	56	63
64	170	1	2	119	0	1953125	12	0.0	129	1.04	0	0	V0.2	0	0	52	93	26	97	19	97	9	77	36	70	41	38	65	33	65	31	84	46	69	85	65	106	43	156	24	175	66	203	56	229	102	272	163	304	186	236	221	285	282	378	414	396	396	512	605	475	579	627	484	607	663	575	527	661	1000	918	957	728	691	737	688	498	407	334	221	184	125	56	128	46	189	98	191	93	179	77	135	58	112	48	83	59	68	56	63
64	170	2	2	119	0	1953125	12	0.0	104	1.04	0	0	V0.2	0	0	113	20	104	10	106	17	96	28	90	39	83	59	62	77	67	94	42	115	55	127	51	159	65	168	97	205	114	206	141	258	166	287	203	360	211	340	250	415	246	489	390	514	370	693	717	825	702	1000	740	964	784	898	669	889	798	800	803	639	480	523	514	427	344	276	259	204	186	181	176	171	161	191	182	161	151	157	144	123	109	115	95	94	85	93	74
64	170	2	2	119	0	1953125	12	0.0	154	1.05	0	0	V0.2	0	0	84	89	92	75	104	69	109	52	119	55	112	61	116	78	100	106	97	127	83	159	76	183	93	215	106	238	172	282	197	336	262	397	329	472	351	441	370	471	373	486	389	473	372	624	652	708	615	852	744	848	883	1000	824	856	953	866	957	980	682	611	515	603	379	421	288	377	234	298	212	268	171	236	173	191	132	160	129	126	125	117	114	91	120	97	96
64	170	2	2	119	0	1953125	12	0.0	154	1.05	0	0	V0.2	0	0	98	33	94	20	94	12	89	12	85	22	76	41	66	58	58	80	48	104	51	127	55	153	75	176	84	187	110	205	126	250	174	294	227	371	271	386	309	447	390	563	473	664	559	769	716	844	870	1000	660	761	607	678	326	571	522	430	416	564	380	455	321	343	296	338	221	242	210	237	138	198	149	172	99	153	102	114	53	115	60	83	45	97	53	73	63
64	170	2	2	119	0	1953125	12	0.0	6768	2.18	0	0	V0.2	0	0	61	54	54	58	61	59	56	57	42	52	39	39	38	38	46	46	47	54	51	63	64	80	53	83	61	130	99	74	48	115	97	208	120	226	178	292	340	103	344	59	338	267	512	824	578	415	1000	854	261	469	388	829	289	632	627	559	795	594	686	202	229	54	53	159	130	46	74	30	36	14	18	12	22	21	19	43	35	31	38	18	33	21	32	28	33
64	170	2	2	119	0	1953125	12	0.0	249	1.06	0	0	V0.2	0	0	392	383	332	339	363	320	275	256	254	229	178	155	169	150	113	156	193	185	195	260	304	310	324	394	422	403	442	460	492	496	513	533	508	525	521	558	549	463	588	472	404	463	568	340	547	199	666	496	354	468	552	381	502	193	1000	281	89	553	626	351	351	485	552	353	462	440	412	382	377	374	380	324	317	289	299	263	244	231	216	156	147	115	113	70	31
64	170	2	2	119	0	1953125	12	0.0	0	0.59	0	0	V0.2	0	0	11	15	9	1	7	14	16	7	1	11	15	13	6	8	16	21	20	10	15	29	39	33	26	7	10	12	5	30	55	72	102	82	78	68	75	112	117	97	110	35	17	68	141	96	175	289	164	191	335	188	564	783	764	1000	829	620	918	714	694	573	333	259	143	84	107	102	54	9	51	79	75	55	32	41	59	63	43	19	30	45	45	32	14	28	45
64	170	2	2	119	0	1953125	12	0.0	7591	2.32	0	0	V0.2	0	0	11	33	48	46	19	18	49	45	20	16	39	38	23	20	35	36	18	27	52	43	9	37	59	66	22	64	53	75	66	41	125	88	111	76	103	232	38	123	71	201	222	191	441	248	289	170	331	360	166	472	192	887	1000	232	485	835	398	121	631	211	193	294	154	201	142	96	55	117	81	77	46	48	86	72	28	25	61	61	41	34	37	47	42	41	28
64	170	2	2	119	0	1953125	12	0.0	0	0.54	0	0	V0.2	0	0	32	11	55	57	26	20	31	39	17	28	43	27	31	4	31	53	28	31	46	40	20	36	65	11	81	40	24	98	84	62	43	68	93	86	245	173	245	381	308	142	142	451	440	456	61	434	285	516	519	411	830	1000	179	408	648	262	947	311	111	720	227	433	162	229	238	128	77	123	136	128	99	58	77	69	48	94	74	68	64	53	13	29	40	52	34
64	170	2	2	119	0	1953125	12	0.0	0	0.53	0	0	V0.2	0	0	25	27	19	5	11	26	30	25	10	7	26	34	34	18	2	22	36	34	21	5	38	51	47	46	13	33	62	87	76	50	39	61	65	53	143	148	211	395	374	250	272	346	329	534	535	493	28	438	400	747	718	831	489	255	355	896	402	1000	777	103	339	333	164	198	309	177	66	116	94	60	89	91	59	41	31	27	30	37	36	19	9	21	34	37	31
64	170	2	2	119	0	1953125	12	0.0	0	0.59	0	0	V0.2	0	0	12	11	5	6	13	12	6	4	15	19	14	2	12	21	22	12	7	19	24	14	6	18	28	23	3	24	26	24	21	21	35	73	128	130	100	112	150	102	166	259	323	266	122	189	244	149	250	351	202	256	146	288	363	212	462	1000	640	157	260	155	58	107	163	53	30	63	82	56	37	30	22	21	20	17	10	11	20	24	18	10	14	22	20	10	7
64	170	2	2	119	0	1953125	12	0.0	0	0.95	0	0	V0.2	0	0	42	12	46	9	41	13	36	23	23	17	32	27	20	25	29	21	41	41	36	29	41	52	36	68	40	87	8	81	56	118	108	101	117	47	124	85	171	107	177	126	151	186	254	299	95	144	423	605	547	338	302	294	348	583	894	1000	949	535	275	244	246	274	234	293	186	97	59	131	134	104	123	71	113	75	100	65	63	66	65	67	40	61	41	43	39
64	170	2	2	119	0	1953125	12	0.0	0	0.78	0	0	V0.2	0	0	30	37	4	30	33	4	35	33	5	36	31	4	31	26	15	17	29	36	11	36	54	15	48	66	18	49	47	29	68	45	73	180	181	133	208	176	176	251	219	88	147	347	531	449	119	268	325	433	200	178	503	894	976	517	288	225	660	1000	931	432	55	129	255	231	83	130	157	158	121	72	85	110	56	48	79	41	34	70	42	17	46	34	18	29	17
64	170	2	2	119	0	1953125	12	0.0	0	0.68	0	0	V0.2	0	0	21	8	22	26	14	15	26	18	5	25	30	12	15	30	22	5	26	32	12	18	32	30	22	41	38	22	30	53	40	45	88	101	63	66	104	83	72	72	197	294	293	241	230	178	222	525	424	186	296	117	321	686	825	627	359	999	598	257	368	215	376	330	267	159	122	68	68	96	77	57	58	76	58	29	35	34	23	19	32	29	22	19	22	29	26
64	170	2	2	119	0	1953125	12	0.0	0	0.95	0	0	V0.2	0	0	45	2	41	8	44	21	37	31	23	24	24	29	20	27	35	36	34	37	39	49	31	56	27	64	23	79	30	82	45	80	71	116	163	157	248	173	236	179	75	55	149	167	169	205	177	337	347	379	246	65	64	125	96	172	338	570	1000	996	822	635	381	317	173	157	113	148	134	123	133	102	136	78	105	69	97	84	75	76	56	69	41	54	39	49	39
64	170	2	2	119	0	1953125	12	0.0	0	0.95	0	0	V0.2	0	0	42	6	46	8	44	24	32	26	23	25	16	20	23	26	32	36	35	32	32	44	32	51	29	65	14	76	21	79	32	135	122	151	180	161	258	158	189	101	14	54	245	210	291	422	410	588	516	435	249	81	166	354	293	253	528	647	1000	863	630	424	258	263	167	49	4	106	87	133	158	127	145	67	123	83	83	67	74	75	37	61	40	48	30	56	46
64	170	2	2	119	0	1953125	12	0.0	0	0.97	0	0	V0.2	0	0	42	50	40	49	52	36	56	18	53	12	41	16	40	30	51	30	49	25	50	17	52	27	58	35	81	26	85	13	99	31	93	44	138	85	290	183	390	388	459	514	390	492	290	188	40	426	533	711	718	524	487	426	558	489	268	234	546	721	990	1000	953	829	652	614	395	268	122	179	131	190	184	147	167	80	129	52	107	47	84	31	59	37	52	34	47
64	170	2	2	119	0	1953125	12	0.0	0	0.97	0	0	V0.2	0	0	42	50	40	49	52	36	56	18	53	12	41	16	40	30	51	30	49	25	50	17	52	27	58	35	81	26	85	13	99	31	93	44	138	85	290	183	390	388	459	514	390	492	290	188	40	426	533	711	718	524	487	426	558	489	268	234	546	721	990	1000	953	829	652	614	395	268	122	179	131	190	184	147	167	80	129	52	107	47	84	31	59	37	52	34	47
64	170	2	2	119	0	1953125	12	0.0	0	0.96	0	0	V0.2	0	0	237	226	240	233	238	234	241	231	246	235	230	243	224	241	219	235	215	235	210	228	207	227	197	230	200	211	218	211	215	228	185	257	156	335	65	349	201	285	269	214	124	405	96	298	302	107	384	113	460	80	234	234	316	330	415	260	968	812	1000	720	391	390	95	237	184	207	157	265	121	267	110	258	114	256	148	225	158	210	176	203	165	190	165	191	164
64	170	2	2	119	0	1953125	12	0.0	0	0.95	0	0	V0.2	0	0	62	37	49	48	31	46	22	48	16	48	17	47	20	43	25	46	26	47	16	54	28	81	31	99	29	104	53	113	110	98	174	56	99	37	188	141	276	256	275	241	149	230	349	501	439	650	563	546	404	362	485	649	936	998	1000	857	357	45	393	485	486	537	418	424	288	205	168	171	187	107	150	71	124	73	111	87	91	85	54	74	51	71	44	60	48
64	170	2	2	119	0	1953125	12	0.0	7510	2.31	0	0	V0.2	0	0	18	28	30	22	18	25	23	24	14	19	14	18	12	14	24	6	15	11	18	8	25	6	25	50	25	56	63	22	43	28	67	70	82	41	114	69	147	183	203	286	119	120	151	169	33	738	553	891	455	285	269	159	433	349	506	567	1000	635	591	386	535	389	382	89	94	110	69	120	48	62	39	35	77	17	27	20	43	15	10	1	4	12	16	14	7
64	170	2	2	119	0	1953125	12	0.0	0	0.78	0	0	V0.2	0	0	958	972	980	987	993	1000	994	992	983	982	973	969	963	960	950	950	947	939	924	913	902	890	890	879	886	885	882	885	893	907	902	895	904	893	923	913	863	890	946	960	901	910	949	783	869	932	871	765	806	787	847	855	757	826	664	768	602	804	715	713	661	707	738	685	716	743	741	757	753	759	766	777	783	782	778	788	787	773	778	767	761	751	729	715	707
64	170	2	2	119	0	1953125	12	0.0	0	0.95	0	0	V0.2	0	0	368	327	378	323	384	331	383	324	390	325	378	332	372	323	370	321	355	331	341	311	355	308	340	327	313	329	335	338	290	387	260	422	217	528	68	617	306	400	440	338	168	657	387	629	782	220	563	288	585	643	900	487	999	680	775	585	525	464	948	688	399	495	161	327	280	354	211	506	99	409	198	361	218	367	259	307	295	282	294	276	292	248	299	236	289
64	170	2	2	119	0	1953125	12	0.0	0	0.78	0	0	V0.2	0	0	286	327	309	307	339	307	316	332	291	313	313	281	320	303	291	327	295	302	313	270	294	282	250	291	256	270	325	242	335	345	206	355	255	217	329	301	174	437	309	221	487	409	118	572	294	321	517	101	206	717	483	580	999	638	849	836	425	474	464	434	690	239	246	260	224	98	344	186	264	341	214	279	315	209	259	268	190	276	238	212	283	229	233	273	210
64	170	2	2	119	0	1953125	12	0.0	0	0.79	0	0	V0.2	0	0	281	257	296	287	276	317	285	283	313	262	280	292	248	289	277	257	308	276	263	294	245	253	255	219	269	241	254	288	257	318	277	227	270	300	99	313	249	299	435	315	324	700	436	305	508	23	179	356	46	824	968	613	999	945	542	431	758	30	475	138	371	154	124	216	395	154	269	314	204	248	227	195	233	206	209	233	210	258	240	213	252	215	204	223	174
64	170	2	2	119	0	1953125	12	0.0	0	0.82	0	0	V0.2	0	0	255	275	269	269	299	286	307	295	280	292	251	274	275	266	307	275	286	290	232	260	233	245	273	257	302	244	279	256	183	295	237	236	376	258	251	402	84	411	223	221	311	399	268	247	276	180	250	215	412	325	653	417	399	756	504	668	909	507	1000	721	295	289	58	407	492	103	345	328	97	263	143	251	276	217	288	226	220	234	160	233	205	220	265	201	229
64	170	2	2	119	0	1953125	12	0.0	0	0.95	0	0	V0.2	0	0	46	24	40	28	37	40	24	38	16	37	15	38	15	28	17	31	25	41	30	51	17	55	19	78	29	92	35	77	50	117	141	135	189	61	105	46	143	186	338	392	371	338	144	65	170	379	534	674	627	408	389	215	262	347	451	698	1000	899	642	480	299	303	190	268	223	179	117	98	114	105	146	94	132	72	96	69	79	76	59	65	34	50	33	47	41
64	170	2	2	119	0	1953125	12	0.0	7692	2.34	0	0	V0.2	0	0	25	14	14	27	26	10	8	29	18	8	10	19	17	1	12	23	16	2	22	31	18	4	19	40	34	17	36	18	47	25	22	62	53	31	56	70	126	85	47	110	106	185	181	239	31	198	262	64	293	197	196	396	260	496	107	176	999	448	269	257	65	98	102	116	95	118	72	25	23	59	40	8	19	16	35	15	5	10	24	25	10	8	19	17	9
64	170	2	2	119	0	1953125	12	0.0	0	0.71	0	0	V0.2	0	0	194	190	174	164	165	145	133	124	103	95	79	52	41	28	24	32	37	79	87	113	134	174	176	206	219	258	284	305	337	340	372	345	294	350	372	381	465	529	473	523	474	292	337	84	628	1000	605	357	470	234	225	460	275	164	468	640	476	293	336	588	373	481	510	247	279	332	275	295	245	253	276	221	249	234	243	224	235	213	216	213	205	190	176	168	164
64	170	2	2	119	0	1953125	12	0.0	7591	2.32	0	0	V0.2	0	0	35	45	44	46	34	36	38	45	32	18	39	34	19	25	27	30	27	19	43	39	34	31	55	74	57	78	80	68	49	46	95	89	21	141	102	210	170	237	236	217	188	58	500	334	355	334	734	427	430	553	751	581	848	610	954	485	857	681	999	346	700	456	380	291	50	53	117	66	37	50	28	50	36	24	36	3	22	9	23	38	14	23	37	44	6
64	170	2	2	119	0	1953125	12	0.0	6743	2.18	0	0	V0.2	0	0	109	123	24	116	26	117	92	51	83	35	112	58	89	51	83	82	103	120	65	135	73	184	141	147	209	140	314	228	240	256	133	360	313	505	548	379	466	298	364	468	431	592	494	431	445	186	191	133	455	635	735	1000	936	802	808	570	660	676	655	755	551	485	496	366	508	393	336	329	152	288	220	263	264	125	203	135	198	192	108	133	85	155	155	138	122
64	170	2	2	119	0	1953125	12	0.0	7788	2.36	0	0	V0.2	0	0	66	12	46	63	27	51	28	26	45	15	20	40	19	22	20	44	34	36	35	45	32	23	7	92	15	36	45	82	105	107	42	140	59	137	116	268	260	278	96	113	97	282	392	503	573	652	374	316	460	457	202	243	590	999	846	90	615	937	597	184	199	292	179	128	40	140	125	30	11	153	93	35	64	53	75	24	23	52	21	55	20	9	44	14	53
64	170	2	2	119	0	1953125	12	0.0	124	1.04	0	0	V0.2	0	0	460	453	383	394	402	398	330	279	299	289	191	167	185	180	141	168	219	244	229	266	369	384	358	403	503	513	503	520	567	613	586	561	602	642	608	653	590	547	713	555	519	544	498	642	697	193	999	427	451	509	208	904	571	165	758	644	541	571	348	848	313	446	563	477	559	492	386	522	493	417	391	372	435	400	289	301	338	277	218	153	195	165	116	54	70
64	170	2	2	119	0	1953125	12	0.0	149	1.05	0	0	V0.2	0	0	107	12	110	13	100	13	106	29	91	54	90	57	67	83	57	87	61	116	53	121	89	143	102	153	120	141	162	158	165	138	206	218	241	179	256	248	303	236	334	264	326	348	553	582	591	666	867	807	654	645	581	595	690	831	731	578	916	1000	789	569	514	574	549	447	353	388	340	294	284	309	248	219	229	232	169	151	165	153	118	113	136	99	101	108	110
