34928	35048	35167	35286	35405	35524	35644	35763	35882	36001	36120	36240	36359	36478	36597	36716	36836	36955	37074	37193	37313	37432	37551	37670	37789	37909	38028	38147	38266	38385	38505	38624	38743	38862	38981	39101	39220	39339	39458	39577	39697	39816	39935	40054	40174	40293	40412	40531	40650	40770	40889	41008	41127	41246	41366	41485	41604	41723	41842	41962	42081	42200	42319	42439	42558	42677	42796	42915	43035	43154	43273	43392	43511	43631	43750	43869	43988	44107	44227	44346	44465	44584	44703	44823	44942
64	170	1	2	119	0	1953125	12	0.0	0	0.95	0	0	V0.2	0	0	170	207	167	208	163	212	168	210	160	204	161	202	163	191	164	183	176	170	184	153	203	143	217	118	237	104	262	96	266	102	280	132	309	167	259	236	222	328	155	368	173	352	33	398	181	516	425	517	280	288	329	121	520	381	940	595	1000	586	766	365	574	128	421	110	315	223	228	308	147	331	87	328	93	307	115	277	151	249	177	211	190	187	205	156	207
64	170	1	2	119	0	1953125	12	0.0	0	0.95	0	0	V0.2	0	0	213	183	210	189	206	195	204	200	191	203	184	209	170	209	156	216	146	220	133	226	128	230	134	237	135	243	150	243	186	223	226	211	289	183	338	128	337	32	408	72	471	119	312	325	251	403	368	323	219	253	77	460	246	635	738	933	849	1000	585	686	262	425	214	290	289	201	346	72	359	72	347	140	308	191	258	225	223	238	181	240	155	247	131	242	117
64	170	1	2	119	0	1953125	12	0.0	0	0.95	0	0	V0.2	0	0	58	20	52	22	49	31	39	31	30	28	31	35	24	28	32	33	35	34	41	45	46	63	39	85	44	119	36	116	30	137	70	161	131	165	165	171	179	164	309	272	384	235	262	355	229	338	381	375	191	128	223	246	378	403	831	798	999	848	761	561	485	347	294	251	181	239	146	200	145	164	163	119	151	96	142	76	116	77	94	73	75	77	60	70	57
64	170	1	2	119	0	1953125	12	0.0	0	0.95	0	0	V0.2	0	0	171	190	168	188	164	194	166	195	154	194	153	197	147	186	141	190	145	182	144	174	154	175	170	160	182	155	209	144	232	101	257	83	295	55	297	70	302	176	304	264	287	251	93	338	69	400	111	301	13	245	163	146	420	379	837	772	999	806	694	457	467	228	357	35	320	92	286	189	246	239	191	268	145	279	104	274	103	260	113	234	125	217	140	197	148
64	170	1	2	119	0	1953125	12	0.0	0	0.99	0	0	V0.2	0	0	53	48	52	59	42	55	45	57	36	54	39	48	42	42	43	31	59	35	66	35	97	45	101	57	136	74	151	86	145	97	132	137	173	171	128	181	100	133	49	184	103	173	138	174	117	181	219	233	233	389	494	714	709	754	809	766	1000	957	849	674	600	450	472	312	359	247	272	189	219	158	151	121	127	113	92	95	86	94	75	89	72	79	67	80	68
64	170	1	2	119	0	1953125	12	0.0	0	1.00	0	0	V0.2	0	0	48	44	43	50	52	40	39	50	49	39	37	52	40	46	33	55	19	58	25	68	18	84	34	95	31	118	42	118	36	148	42	157	73	187	76	163	40	118	17	115	83	201	130	181	57	155	146	280	318	277	472	569	653	541	835	783	999	796	675	533	594	372	343	244	254	215	183	182	155	147	102	139	98	118	79	121	69	94	68	99	58	80	66	80	57
64	170	1	2	119	0	1953125	12	0.0	0	1.01	0	0	V0.2	0	0	196	223	199	234	197	229	194	234	196	225	187	225	190	216	182	211	189	204	183	191	205	187	204	177	216	189	217	159	269	164	250	134	304	152	317	112	334	135	384	69	377	194	339	202	363	95	181	124	301	105	514	474	744	533	1000	595	638	418	511	527	577	305	428	278	392	190	343	180	343	182	297	194	274	224	256	212	230	237	215	221	189	241	182	222	161
64	170	1	2	119	0	1953125	12	0.0	0	1.01	0	0	V0.2	0	0	179	216	187	210	188	212	196	204	188	206	191	198	184	186	192	180	185	168	199	170	186	151	219	162	193	156	231	170	195	187	225	197	243	210	264	247	286	198	322	224	404	197	234	328	260	374	335	246	416	146	290	386	430	519	666	530	1000	719	508	259	221	527	318	300	150	399	289	256	211	280	244	245	180	268	208	252	168	247	186	243	149	227	160	236	132
64	170	1	2	119	0	1953125	12	0.0	0	0.48	0	0	V0.2	0	0	16	18	18	14	5	6	12	18	18	16	8	4	15	24	23	20	9	11	16	28	26	32	17	6	21	52	68	78	82	67	60	56	67	132	82	169	37	75	63	235	325	347	578	432	605	651	318	733	618	646	523	722	1000	590	473	809	428	562	180	503	368	388	251	143	175	202	169	230	151	109	44	28	32	63	59	55	36	31	33	41	48	43	40	29	26
64	170	2	2	119	0	1953125	12	0.0	0	0.49	0	0	V0.2	0	0	7	4	14	20	21	17	7	0	13	22	27	22	10	2	18	28	29	29	19	5	13	26	34	45	44	15	35	33	46	28	69	66	23	27	53	181	270	291	278	371	428	327	436	115	254	166	284	556	347	763	780	672	547	605	903	837	865	999	807	585	256	208	81	51	77	143	137	128	101	45	39	69	70	63	58	42	31	33	46	60	61	55	42	24	27
64	170	2	2	119	0	1953125	12	0.0	0	0.51	0	0	V0.2	0	0	19	18	9	6	14	23	23	18	8	10	18	26	28	22	11	11	21	34	36	34	19	7	17	38	52	51	32	24	6	35	50	64	75	68	59	138	116	165	187	228	368	255	273	277	186	181	66	261	386	579	632	676	599	792	995	1000	758	917	289	56	148	190	67	154	101	88	87	30	38	67	84	74	54	21	23	42	53	51	42	23	12	28	44	52	44
64	170	2	2	119	0	1953125	12	0.0	0	0.51	0	0	V0.2	0	0	16	25	31	28	17	10	21	33	35	27	14	15	30	41	44	34	25	31	50	58	55	31	15	31	59	71	62	56	11	35	93	47	57	55	73	150	173	319	452	540	627	584	702	761	763	757	685	753	872	860	900	881	878	671	1000	926	762	927	771	496	299	292	319	276	259	168	100	52	13	69	83	109	107	82	49	53	75	92	87	63	34	25	47	63	61
64	170	2	2	119	0	1953125	12	0.0	0	0.54	0	0	V0.2	0	0	25	28	22	9	13	26	31	24	11	18	32	35	28	14	22	39	45	35	21	27	45	57	51	38	43	76	87	89	78	67	77	112	128	158	136	137	138	177	190	216	258	287	349	376	422	391	481	547	441	335	649	663	859	1000	860	546	454	653	510	361	296	115	30	72	113	160	177	131	75	81	93	91	73	46	34	48	56	51	35	19	28	43	43	31	19
64	170	2	2	119	0	1953125	12	0.0	0	0.60	0	0	V0.2	0	0	22	20	7	9	19	21	7	8	18	19	8	11	24	24	10	10	28	31	18	9	38	44	32	4	39	63	59	25	26	78	82	44	30	67	130	122	88	117	150	157	170	282	370	403	441	429	572	475	417	333	144	54	330	520	973	1000	909	808	495	64	189	40	197	193	111	34	67	92	77	47	17	71	63	38	16	58	65	44	6	33	48	38	15	19	33
64	170	2	2	119	0	1953125	12	0.0	0	0.96	0	0	V0.2	0	0	16	36	24	44	2	28	13	45	15	23	17	45	19	20	17	25	9	49	31	37	19	51	16	29	6	56	55	38	26	27	68	169	168	84	134	161	148	155	162	87	137	211	316	315	163	83	432	476	471	545	569	866	864	777	189	561	1000	942	513	274	262	232	196	115	168	81	189	176	154	114	63	86	58	94	71	95	28	46	46	55	22	40	40	27	28
64	170	2	2	119	0	1953125	12	0.0	0	0.67	0	0	V0.2	0	0	12	13	12	9	8	16	15	9	13	20	16	2	16	23	14	10	26	26	9	15	34	20	9	23	25	26	51	31	32	24	90	116	105	125	123	165	157	216	226	274	349	380	305	165	238	339	164	317	221	692	790	636	508	854	1000	546	436	871	561	435	334	29	111	123	142	166	147	65	50	70	45	35	29	39	30	22	36	34	18	20	23	19	24	24	12
64	170	2	2	119	0	1953125	12	0.0	0	0.48	0	0	V0.2	0	0	11	18	21	21	15	5	7	16	22	23	18	7	5	17	28	26	19	13	4	14	31	35	39	27	3	28	41	66	80	65	66	75	94	130	96	148	186	281	311	198	145	152	422	564	209	378	438	21	227	769	1000	214	480	350	496	694	181	891	832	408	394	193	115	75	162	161	128	118	124	129	52	44	58	63	62	53	37	16	28	40	48	43	33	18	13
64	170	2	2	119	0	1953125	12	0.0	0	0.70	0	0	V0.2	0	0	25	5	17	22	10	11	24	23	15	11	14	20	16	2	21	25	10	24	42	40	5	35	35	28	60	83	37	37	88	104	61	61	150	137	60	93	30	53	116	281	300	226	334	287	397	296	184	566	676	622	340	437	385	274	951	983	1000	385	113	194	359	357	203	163	160	96	25	81	72	48	23	52	86	76	27	29	49	33	12	39	35	4	32	44	25
64	170	2	2	119	0	1953125	12	0.0	0	0.94	0	0	V0.2	0	0	13	25	21	14	18	18	31	2	26	12	20	5	26	17	17	11	29	12	23	21	42	30	29	40	12	28	27	55	44	100	77	72	44	41	88	43	104	119	160	109	90	212	211	98	91	209	154	172	83	166	104	122	441	646	999	788	649	382	198	45	136	192	184	49	2	83	43	54	108	106	97	45	52	68	33	30	31	58	16	35	33	34	13	27	30
64	170	2	2	119	0	1953125	12	0.0	0	0.72	0	0	V0.2	0	0	32	13	28	35	18	18	33	23	3	26	30	14	10	24	22	10	11	31	35	10	22	48	41	18	33	41	31	55	68	28	45	113	195	49	108	134	97	141	170	138	70	276	349	419	325	356	376	290	289	81	36	461	486	464	388	736	1000	463	478	416	459	153	188	187	105	78	23	94	37	71	114	98	38	32	72	54	8	46	47	17	29	47	29	9	36
64	170	2	2	119	0	1953125	12	0.0	0	0.71	0	0	V0.2	0	0	188	170	170	198	182	161	193	188	163	185	187	150	169	183	143	154	179	139	134	170	126	126	180	147	113	201	179	112	255	233	96	191	371	204	153	286	440	145	245	384	266	114	259	170	427	802	429	147	294	399	552	942	654	334	599	111	1000	715	629	526	245	597	539	193	181	291	206	74	247	229	176	236	264	168	197	250	196	192	223	188	167	199	167	143	185
64	170	2	2	119	0	1953125	12	0.0	0	0.79	0	0	V0.2	0	0	127	150	132	131	153	131	155	159	129	155	139	122	148	119	127	140	109	147	141	123	150	113	130	134	102	146	130	144	174	94	168	214	47	260	134	139	168	204	53	162	128	224	447	270	188	482	567	365	458	126	633	450	489	928	729	841	1000	91	446	383	160	51	178	110	333	233	116	267	168	149	194	95	150	161	97	188	163	139	187	134	145	159	108	139	119
64	170	2	2	119	0	1953125	12	0.0	0	0.68	0	0	V0.2	0	0	137	121	116	137	132	120	136	141	118	122	145	130	116	143	137	107	128	152	122	112	146	132	95	134	156	91	116	146	115	98	161	168	116	93	183	85	81	255	202	76	193	201	144	108	97	192	253	351	614	588	337	427	510	976	1000	862	808	165	386	159	91	252	317	171	206	124	157	111	101	175	136	74	132	164	107	87	142	120	70	124	137	88	97	129	99
64	170	2	2	119	0	1953125	12	0.0	0	0.68	0	0	V0.2	0	0	98	83	78	97	94	77	92	97	75	79	100	86	71	95	93	65	84	104	75	67	98	89	56	91	104	62	63	106	86	56	131	102	70	61	92	90	44	96	164	89	93	122	17	99	77	198	102	264	441	345	302	384	338	540	687	756	1000	280	324	191	95	241	230	92	101	65	108	50	67	114	81	26	110	113	46	64	99	74	44	96	95	50	76	98	68
64	170	2	2	119	0	1953125	12	0.0	0	0.69	0	0	V0.2	0	0	22	19	2	19	25	13	8	23	18	2	21	26	12	11	24	19	8	23	27	17	16	28	29	20	26	29	28	25	29	20	23	20	19	46	16	21	40	108	77	48	35	6	7	110	167	164	187	302	426	436	453	367	82	174	278	705	1000	468	212	171	297	225	187	76	59	34	25	73	52	23	43	62	51	43	44	36	23	29	33	27	25	28	25	22	21
64	170	2	2	119	0	1953125	12	0.0	0	0.69	0	0	V0.2	0	0	91	92	131	111	90	134	134	93	126	150	110	118	163	137	105	160	162	110	147	186	126	115	196	162	85	179	198	102	130	194	182	58	212	259	133	55	242	298	118	289	506	408	349	424	363	341	263	224	136	360	640	624	531	411	230	491	1000	832	718	693	694	287	152	295	313	58	146	212	144	32	201	186	38	161	215	119	86	185	156	84	157	178	105	121	177
64	170	1	2	119	0	1953125	12	0.0	0	0.69	0	0	V0.2	0	0	44	42	10	28	47	31	9	45	50	20	26	53	42	3	49	64	33	26	67	59	5	60	79	47	36	98	91	37	75	118	103	60	125	121	110	121	252	199	165	270	408	564	595	532	529	438	481	506	253	113	21	192	416	703	720	271	263	503	1000	824	556	379	284	136	246	248	153	63	108	160	127	34	79	104	65	39	98	96	33	47	85	59	10	66	75
64	170	1	2	119	0	1953125	12	0.0	0	0.69	0	0	V0.2	0	0	151	145	123	154	166	131	149	175	147	144	188	170	144	185	190	145	177	219	170	155	216	199	138	202	233	141	158	274	206	116	297	279	78	137	255	163	86	280	364	317	292	547	583	584	766	553	588	801	577	611	495	557	342	319	870	1000	981	589	827	425	593	422	271	171	305	192	70	87	231	167	93	180	216	152	136	208	173	133	209	212	141	187	214	158	168
64	170	1	2	119	0	1953125	12	0.0	0	0.69	0	0	V0.2	0	0	151	145	123	154	166	131	149	175	147	144	188	170	144	185	190	145	177	219	170	155	216	199	138	202	233	141	158	274	206	116	297	279	78	137	255	163	86	280	364	317	292	547	583	584	766	553	588	801	577	611	495	557	342	319	870	1000	981	589	827	425	593	422	271	171	305	192	70	87	231	167	93	180	216	152	136	208	173	133	209	212	141	187	214	158	168
64	170	1	2	119	0	1953125	12	0.0	0	0.70	0	0	V0.2	0	0	140	130	145	146	131	141	147	126	129	142	125	121	138	125	110	128	122	108	132	131	99	127	142	98	120	155	115	106	177	135	107	196	184	127	97	212	124	52	324	460	130	246	459	373	383	486	446	272	350	500	648	685	551	370	396	656	1000	400	511	102	298	315	273	78	221	169	161	91	145	165	113	121	149	138	116	140	127	112	138	146	118	134	150	120	123
64	170	2	2	119	0	1953125	12	0.0	0	0.77	0	0	V0.2	0	0	43	20	23	42	19	23	40	19	24	36	25	28	27	34	43	28	35	46	38	56	63	48	69	66	49	89	66	36	98	95	61	138	129	143	229	180	113	233	362	422	354	279	351	331	382	234	207	384	86	231	730	1000	808	528	463	671	987	517	117	121	70	71	229	215	222	200	130	69	94	72	66	106	79	55	88	65	15	64	64	31	47	54	42	45	39
64	170	2	2	119	0	1953125	12	0.0	0	0.79	0	0	V0.2	0	0	153	170	143	171	178	153	187	172	155	180	148	154	164	132	159	153	141	178	155	162	154	128	174	124	134	192	123	178	202	125	249	204	103	295	180	130	223	156	372	622	244	330	536	224	270	224	129	480	174	221	854	1000	682	545	109	511	850	148	313	339	433	190	87	258	406	179	173	247	153	182	183	134	182	173	161	200	144	183	197	150	181	159	130	156	118
64	170	2	2	119	0	1953125	12	0.0	3432	1.61	0	0	V0.2	0	0	8	12	13	23	24	28	31	43	24	22	31	23	11	27	18	14	12	28	20	18	25	14	40	55	48	51	120	96	79	91	86	68	148	51	65	174	281	403	82	427	361	245	438	217	275	422	416	87	519	170	324	974	385	990	403	37	726	829	407	1000	722	545	124	131	178	121	108	56	85	46	47	57	27	35	28	30	29	39	51	24	37	53	24	23	39
64	170	2	2	119	0	1953125	12	0.0	3357	1.60	0	0	V0.2	0	0	33	54	45	64	32	43	45	47	36	26	55	32	54	29	58	21	63	42	75	53	93	54	77	84	127	104	134	109	192	80	122	106	152	88	121	286	465	385	290	33	76	137	293	542	754	530	344	98	409	378	123	315	913	1000	788	476	436	794	948	712	552	442	311	337	165	153	40	98	38	138	76	110	2	84	14	40	38	66	29	44	40	57	28	41	43
64	170	2	2	119	0	1953125	12	0.0	0	0.77	0	0	V0.2	0	0	119	131	112	115	123	107	120	128	112	130	129	109	130	123	98	123	114	87	114	101	96	135	110	108	147	118	83	154	128	93	161	79	133	123	75	150	233	56	267	281	11	218	202	163	366	481	253	114	393	469	331	353	302	342	585	468	1000	603	537	553	570	330	269	254	68	144	244	137	121	225	122	111	166	92	125	167	87	112	156	91	124	151	95	126	139
64	170	2	2	119	0	1953125	12	0.0	0	0.77	0	0	V0.2	0	0	29	27	3	25	25	4	20	23	11	19	21	21	22	17	27	28	15	23	26	22	32	27	30	42	28	29	64	48	13	60	66	27	50	31	29	103	91	66	169	179	120	136	146	259	398	395	273	226	383	385	166	338	330	353	482	673	1000	508	419	348	333	303	199	191	136	128	149	160	113	91	73	38	51	47	41	67	70	36	46	57	34	32	43	32	35
64	170	2	2	119	0	1953125	12	0.0	0	0.77	0	0	V0.2	0	0	29	27	3	25	25	4	20	23	11	19	21	21	22	17	27	28	15	23	26	22	32	27	30	42	28	29	64	48	13	60	66	27	50	31	29	103	91	66	169	179	120	136	146	259	398	395	273	226	383	385	166	338	330	353	482	673	1000	508	419	348	333	303	199	191	136	128	149	160	113	91	73	38	51	47	41	67	70	36	46	57	34	32	43	32	35
64	170	2	2	119	0	1953125	12	0.0	0	0.77	0	0	V0.2	0	0	24	26	5	22	26	7	22	28	12	22	29	20	22	25	27	30	17	24	31	21	35	42	26	41	48	26	50	61	24	48	86	28	37	55	16	90	105	72	173	232	137	101	177	293	361	376	313	225	354	374	181	425	355	375	554	815	999	467	439	333	309	335	206	177	176	158	136	160	141	83	56	57	38	49	58	55	62	55	35	51	54	27	35	51	36
64	170	2	2	119	0	1953125	12	0.0	0	0.70	0	0	V0.2	0	0	30	20	34	35	23	24	37	34	23	30	37	25	23	38	37	19	32	40	27	16	40	42	17	32	56	35	11	58	65	26	59	78	88	43	103	87	64	83	169	171	69	106	183	338	410	321	316	293	321	408	315	364	133	158	229	1000	996	238	73	70	129	110	239	109	26	28	103	157	105	38	66	99	90	48	45	62	46	2	40	52	25	15	41	38	10
64	170	2	2	119	0	1953125	12	0.0	0	0.70	0	0	V0.2	0	0	30	20	34	35	23	24	37	34	23	30	37	25	23	38	37	19	32	40	27	16	40	42	17	32	56	35	11	58	65	26	59	78	88	43	103	87	64	83	169	171	69	106	183	338	410	321	316	293	321	408	315	364	133	158	229	1000	996	238	73	70	129	110	239	109	26	28	103	157	105	38	66	99	90	48	45	62	46	2	40	52	25	15	41	38	10
