34928	35048	35167	35286	35405	35524	35644	35763	35882	36001	36120	36240	36359	36478	36597	36716	36836	36955	37074	37193	37313	37432	37551	37670	37789	37909	38028	38147	38266	38385	38505	38624	38743	38862	38981	39101	39220	39339	39458	39577	39697	39816	39935	40054	40174	40293	40412	40531	40650	40770	40889	41008	41127	41246	41366	41485	41604	41723	41842	41962	42081	42200	42319	42439	42558	42677	42796	42915	43035	43154	43273	43392	43511	43631	43750	43869	43988	44107	44227	44346	44465	44584	44703	44823	44942
64	170	1	2	119	0	1953125	12	0.0	0	0.95	0	0	V0.2	0	0	230	272	230	275	225	281	228	284	220	280	218	280	219	267	217	258	226	245	230	224	248	210	265	184	281	166	306	157	313	130	330	130	357	163	307	224	257	361	206	430	182	479	54	583	175	631	296	539	231	408	333	294	474	291	860	547	1000	654	813	435	595	160	431	76	373	190	320	277	251	323	172	350	120	347	95	327	115	305	150	271	169	242	192	209	202
64	170	1	2	119	0	1953125	12	0.0	0	0.95	0	0	V0.2	0	0	66	10	62	8	59	19	54	28	43	29	42	37	36	31	41	35	48	36	55	46	63	63	58	88	67	115	60	118	28	146	62	173	104	160	158	154	176	147	270	196	304	249	375	458	467	502	525	414	283	275	230	351	489	546	862	746	1000	839	773	555	530	346	318	250	214	280	182	249	163	220	176	167	167	135	162	96	143	86	116	80	99	84	77	81	73
64	170	1	2	119	0	1953125	12	0.0	0	0.95	0	0	V0.2	0	0	287	255	287	258	279	271	278	282	261	284	250	297	236	292	217	299	208	297	196	293	197	292	213	285	216	283	245	268	279	216	323	179	375	146	389	125	356	219	364	322	390	404	236	601	277	670	360	568	93	391	202	396	467	510	796	651	1000	817	720	540	550	277	447	43	419	82	391	205	327	275	255	331	188	349	129	339	122	331	139	296	158	272	187	238	195
64	170	1	2	119	0	1953125	12	0.0	0	0.95	0	0	V0.2	0	0	287	255	287	258	279	271	278	282	261	284	250	297	236	292	217	299	208	297	196	293	197	292	213	285	216	283	245	268	279	216	323	179	375	146	389	125	356	219	364	322	390	404	236	601	277	670	360	568	93	391	202	396	467	510	796	651	1000	817	720	540	550	277	447	43	419	82	391	205	327	275	255	331	188	349	129	339	122	331	139	296	158	272	187	238	195
64	170	1	2	119	0	1953125	12	0.0	0	0.95	0	0	V0.2	0	0	217	273	222	273	220	276	230	274	229	263	235	259	242	241	241	226	254	212	257	187	271	177	279	153	292	139	312	149	293	175	285	209	302	240	231	301	175	397	66	451	20	453	218	506	320	567	457	481	318	276	386	103	544	293	850	476	999	608	817	342	590	161	399	215	289	296	195	353	119	366	57	360	100	333	151	288	191	254	223	212	231	179	244	151	238
64	170	1	2	119	0	1953125	12	0.0	0	0.95	0	0	V0.2	0	0	225	262	224	267	220	274	221	277	214	274	211	276	208	265	204	258	212	247	215	229	231	217	249	193	267	175	296	161	303	126	328	115	361	134	336	191	296	317	245	399	224	459	87	586	181	650	303	568	159	399	296	309	493	348	819	553	1000	718	808	466	578	202	444	42	385	140	338	241	273	290	201	326	142	334	96	319	107	302	131	272	148	247	172	215	182
64	170	1	2	119	0	1953125	12	0.0	0	0.95	0	0	V0.2	0	0	73	11	64	16	62	28	51	35	43	37	40	44	33	38	43	44	46	40	53	55	56	75	52	99	56	127	46	124	34	150	86	168	123	151	180	131	187	145	270	206	324	265	342	454	429	526	507	421	277	316	321	405	456	473	833	715	1000	889	827	598	536	380	312	268	204	303	187	254	178	219	199	160	184	129	172	94	145	95	119	84	99	91	76	82	71
64	170	1	2	119	0	1953125	12	0.0	0	0.95	0	0	V0.2	0	0	233	269	235	275	229	282	227	285	222	282	220	281	219	271	214	265	222	253	224	237	238	222	258	198	272	179	298	166	307	145	323	130	357	142	329	190	292	316	258	386	229	452	57	573	138	627	266	537	156	387	305	299	536	356	854	583	1000	691	760	413	568	187	458	54	400	159	347	256	277	306	202	340	139	344	101	328	113	309	139	278	158	249	181	218	193
64	170	1	2	119	0	1953125	12	0.0	0	0.95	0	0	V0.2	0	0	233	269	235	275	229	282	227	285	222	282	220	281	219	271	214	265	222	253	224	237	238	222	258	198	272	179	298	166	307	145	323	130	357	142	329	190	292	316	258	386	229	452	57	573	138	627	266	537	156	387	305	299	536	356	854	583	1000	691	760	413	568	187	458	54	400	159	347	256	277	306	202	340	139	344	101	328	113	309	139	278	158	249	181	218	193
64	170	1	2	119	0	1953125	12	0.0	0	0.95	0	0	V0.2	0	0	224	256	230	263	223	266	223	271	221	269	211	268	211	264	202	258	201	253	205	238	216	224	238	208	249	196	271	185	293	143	316	110	357	123	332	163	286	277	256	347	255	407	125	571	211	689	361	611	177	472	264	382	546	446	828	602	1000	661	707	362	501	172	396	24	367	95	328	200	286	261	222	303	167	322	119	311	109	298	125	272	142	247	157	224	172
64	170	1	2	119	0	1953125	12	0.0	0	0.95	0	0	V0.2	0	0	66	18	63	10	68	11	58	17	53	24	48	31	42	28	46	31	49	26	62	37	72	50	74	71	78	99	85	111	55	173	64	196	85	163	128	137	149	161	250	205	333	243	396	404	439	469	545	389	316	320	237	368	376	433	727	689	1000	880	797	592	573	349	360	245	250	268	189	253	150	230	155	188	148	155	153	104	136	83	116	66	101	73	80	69	72
64	170	1	2	119	0	1953125	12	0.0	0	0.95	0	0	V0.2	0	0	63	5	60	9	61	20	47	25	45	29	39	35	37	30	43	36	46	31	56	47	58	56	59	84	64	112	62	122	37	154	68	153	79	148	151	158	203	168	276	202	310	256	338	400	423	509	534	455	323	328	275	311	373	344	667	685	1000	833	718	481	463	326	322	256	217	273	173	233	147	210	172	165	157	120	148	82	127	79	108	67	88	75	71	69	61
64	170	1	2	119	0	1953125	12	0.0	0	0.95	0	0	V0.2	0	0	294	257	295	263	291	271	290	280	277	283	265	292	253	293	232	301	216	307	200	307	187	310	187	321	174	331	189	325	231	295	289	287	344	230	381	202	371	65	479	142	504	229	456	410	528	536	561	478	318	435	106	560	233	650	522	831	808	1000	500	751	352	565	319	311	363	224	403	101	417	50	406	115	376	180	322	225	280	257	230	270	195	277	166	272	139
64	170	1	2	119	0	1953125	12	0.0	0	0.95	0	0	V0.2	0	0	207	254	212	256	209	260	214	261	211	252	211	252	214	237	212	227	220	216	226	194	238	183	252	159	267	139	289	142	290	130	303	147	332	178	267	203	241	372	109	392	105	408	77	541	225	559	253	368	145	347	436	220	508	250	845	544	1000	597	798	375	546	78	381	130	327	243	241	297	179	328	101	337	80	324	100	292	141	266	176	225	189	198	207	165	208
64	170	1	2	119	0	1953125	12	0.0	0	0.95	0	0	V0.2	0	0	65	17	62	2	59	9	58	21	45	21	46	30	38	30	44	27	50	33	57	32	73	53	65	71	84	100	70	110	46	141	45	178	87	174	135	159	157	153	288	229	313	196	357	422	464	446	511	378	266	268	270	412	409	463	785	775	1000	786	748	511	486	271	313	234	227	246	189	258	153	215	152	175	137	134	144	96	124	79	114	68	92	71	76	66	64
64	170	1	2	119	0	1953125	12	0.0	0	0.95	0	0	V0.2	0	0	248	285	243	285	239	298	242	299	229	294	230	300	227	283	219	283	233	265	225	251	246	241	270	206	278	201	327	167	319	139	356	126	394	144	356	199	325	341	229	422	255	511	87	626	220	728	308	552	186	472	295	271	552	476	999	500	933	713	882	406	579	219	492	37	408	158	354	260	302	324	205	344	162	364	112	340	119	325	149	292	165	262	184	237	201
64	170	1	2	119	0	1953125	12	0.0	6215	2.09	0	0	V0.2	0	0	63	62	60	50	55	64	54	48	52	47	39	38	40	48	19	32	43	54	34	60	62	73	31	93	105	117	154	34	145	72	71	181	187	201	117	387	537	222	137	243	81	355	258	447	441	188	803	859	293	657	387	602	693	702	939	146	999	618	652	382	373	206	280	414	157	125	179	43	84	43	104	11	68	16	32	26	18	46	14	40	31	36	22	20	23
64	170	1	2	119	0	1953125	12	0.0	6195	2.08	0	0	V0.2	0	0	44	67	50	53	60	66	57	47	70	54	55	48	92	60	68	64	89	60	76	90	85	87	93	112	66	125	125	163	68	134	139	232	129	228	213	286	178	197	144	151	46	243	303	516	523	549	308	108	350	617	607	452	456	730	1000	900	613	108	169	378	400	333	293	146	181	147	169	121	177	167	171	132	165	129	120	94	116	105	102	116	115	89	88	109	104
64	170	1	2	119	0	1953125	12	0.0	0	1.00	0	0	V0.2	0	0	899	929	941	933	926	943	961	942	925	934	937	928	897	891	906	893	865	849	864	860	841	820	840	850	841	813	847	849	865	842	835	901	904	835	879	929	917	868	887	875	921	888	697	990	761	870	773	790	879	746	579	999	556	760	758	842	675	536	956	427	809	697	619	782	723	753	738	787	805	776	809	806	822	810	800	807	796	788	775	760	754	742	714	704	688
64	170	2	2	119	0	1953125	12	0.0	129	1.04	0	0	V0.2	0	0	33	97	30	98	27	103	43	88	63	89	73	71	96	70	99	80	113	90	115	124	105	140	117	176	98	201	124	213	124	267	166	275	211	356	258	361	316	379	284	319	249	366	369	414	372	434	570	539	476	586	739	681	641	795	1000	827	929	901	927	659	544	409	531	412	397	275	346	225	271	195	262	166	226	164	204	146	179	139	149	130	138	119	114	117	110
64	170	2	2	119	0	1953125	12	0.0	0	0.39	0	0	V0.2	0	0	8	9	10	11	11	13	10	11	9	5	4	6	7	6	12	13	17	19	15	21	16	12	13	10	16	19	31	15	58	65	134	97	152	186	233	260	337	439	476	546	524	556	667	656	578	552	650	691	726	895	708	714	639	834	1000	907	796	964	691	669	454	296	259	164	174	88	103	44	27	36	37	57	60	72	66	72	65	56	47	37	29	25	25	33	42
64	170	2	2	119	0	1953125	12	0.0	7591	2.32	0	0	V0.2	0	0	51	64	75	60	43	48	63	59	24	15	49	33	11	27	40	31	16	50	54	45	40	72	74	43	78	139	113	57	11	46	123	98	190	126	202	300	167	307	106	169	147	110	299	428	329	474	334	473	188	293	149	611	224	467	530	855	1000	644	597	489	279	201	237	239	141	149	161	78	160	99	114	30	115	139	72	10	66	108	80	16	34	71	60	19	29
64	170	2	2	119	0	1953125	12	0.0	7601	2.32	0	0	V0.2	0	0	162	123	140	105	123	61	149	48	131	17	145	28	109	39	91	51	58	135	93	115	72	135	111	159	23	207	88	247	9	237	108	269	28	263	97	532	368	430	391	131	441	316	621	656	269	222	197	626	522	615	746	524	703	847	718	1000	691	489	382	421	704	549	729	424	171	224	263	53	203	127	158	40	149	136	86	45	92	74	75	36	30	63	89	14	8
64	170	2	2	119	0	1953125	12	0.0	0	0.60	0	0	V0.2	0	0	25	31	47	15	40	64	34	36	54	47	17	43	23	17	62	37	65	40	21	49	30	80	17	37	16	40	51	105	77	145	63	121	215	313	289	158	271	387	386	240	114	288	109	329	444	320	333	601	525	360	878	657	305	955	634	1000	304	786	457	489	205	401	432	416	289	215	119	135	148	113	148	131	87	126	103	70	95	70	38	43	46	22	48	51	58
64	170	2	2	119	0	1953125	12	0.0	7486	2.30	0	0	V0.2	0	0	37	29	34	39	37	28	23	32	37	14	20	28	24	12	5	28	28	8	21	33	39	38	30	61	54	56	53	48	71	31	121	106	127	3	156	210	120	61	165	163	192	124	260	7	209	172	286	471	451	246	72	339	585	196	762	999	988	878	153	412	207	210	143	106	301	166	102	106	94	63	39	52	34	27	32	34	20	20	32	35	11	6	25	29	30
64	170	2	2	119	0	1953125	12	0.0	7571	2.32	0	0	V0.2	0	0	93	55	116	22	58	69	103	26	28	88	71	41	41	99	23	54	62	79	54	60	69	48	163	89	98	92	183	37	69	160	306	83	125	111	115	180	241	285	318	19	197	91	237	404	389	335	173	203	213	201	522	1000	950	785	546	672	674	617	626	628	645	218	192	378	477	153	11	231	244	30	88	110	153	120	41	68	64	181	94	58	58	135	59	30	86
64	170	2	2	119	0	1953125	12	0.0	7763	2.35	0	0	V0.2	0	0	41	59	36	64	22	59	17	56	16	36	18	32	20	16	26	34	37	55	36	67	34	83	36	73	17	75	67	18	160	119	221	168	169	155	135	114	229	263	464	338	295	196	171	261	281	583	757	875	869	557	501	637	1000	940	881	563	335	259	118	233	154	260	126	45	76	229	111	89	39	154	43	65	28	78	43	16	47	26	67	27	39	25	70	42	28
64	170	2	2	119	0	1953125	12	0.0	0	0.81	0	0	V0.2	0	0	954	957	962	969	974	987	1000	997	995	980	962	959	941	933	927	922	922	918	900	893	872	873	862	867	875	883	882	896	904	898	912	905	920	905	909	950	963	973	963	883	880	891	953	944	807	780	848	899	805	733	691	792	771	661	761	614	710	806	698	621	687	733	757	763	748	794	804	811	821	826	834	842	849	852	852	843	836	824	807	797	782	769	752	737	721
64	170	2	2	119	0	1953125	12	0.0	7471	2.30	0	0	V0.2	0	0	21	16	19	9	18	26	13	18	15	21	14	5	11	15	7	6	10	17	12	16	7	21	8	3	40	21	28	40	24	50	47	68	47	91	36	118	275	54	310	193	201	262	319	305	145	240	253	328	137	217	326	456	432	294	1000	656	556	205	427	121	229	120	45	113	106	20	80	25	49	12	23	37	16	7	19	23	11	12	17	13	11	6	1	16	7
64	170	2	2	119	0	1953125	12	0.0	7536	2.31	0	0	V0.2	0	0	51	84	46	39	30	96	35	42	43	79	31	36	53	42	52	49	71	49	43	16	36	124	79	48	29	141	68	76	116	239	34	179	163	305	150	87	166	230	52	238	174	198	88	118	75	222	499	632	380	245	597	704	517	564	772	1000	701	263	219	549	360	92	278	504	330	151	80	239	122	25	57	119	108	68	81	41	102	79	29	42	119	64	27	77	112
64	170	2	2	119	0	1953125	12	0.0	0	0.78	0	0	V0.2	0	0	301	252	241	234	209	191	182	184	171	170	159	124	135	75	55	11	30	88	127	164	220	243	285	318	349	378	375	340	376	368	389	377	469	585	553	648	629	570	629	389	666	750	592	480	418	274	678	556	661	547	707	556	418	287	1000	926	203	484	624	535	387	514	496	422	469	408	338	296	276	285	236	246	224	232	231	226	232	224	219	219	211	183	183	145	137
64	170	2	2	119	0	1953125	12	0.0	0	0.70	0	0	V0.2	0	0	215	217	242	227	216	241	241	217	236	249	220	228	251	229	220	255	240	214	244	244	206	233	250	203	218	266	203	204	287	246	149	281	291	132	293	335	233	141	288	304	211	240	393	329	198	591	365	104	385	589	223	322	780	461	95	605	1000	257	645	615	282	268	479	338	119	177	324	167	88	220	177	79	171	188	97	154	190	135	147	199	166	151	202	197	168
64	170	2	2	119	0	1953125	12	0.0	7481	2.30	0	0	V0.2	0	0	31	30	34	30	22	29	24	18	15	20	20	15	10	17	15	9	2	22	26	13	25	29	34	39	39	24	85	25	39	52	165	26	52	119	101	40	311	67	191	111	106	310	224	329	243	398	432	220	320	582	373	302	600	752	1000	378	404	436	232	128	261	109	253	37	43	100	62	101	43	16	41	26	74	24	21	10	34	29	13	3	17	21	14	13	4
64	170	2	2	119	0	1953125	12	0.0	0	0.68	0	0	V0.2	0	0	999	992	1000	999	991	994	994	990	985	982	978	979	971	967	974	965	978	971	960	964	961	954	961	960	950	949	942	947	938	927	924	940	969	949	915	916	867	869	908	918	890	909	907	946	974	977	867	864	908	964	866	835	905	731	856	859	850	888	893	839	927	929	885	871	843	874	863	853	840	846	828	829	819	809	805	802	792	793	789	784	779	771	772	769	761
64	170	2	2	119	0	1953125	12	0.0	0	0.68	0	0	V0.2	0	0	999	992	1000	999	991	994	994	990	985	982	978	979	971	967	974	965	978	971	960	964	961	954	961	960	950	949	942	947	938	927	924	940	969	949	915	916	867	869	908	918	890	909	907	946	974	977	867	864	908	964	866	835	905	731	856	859	850	888	893	839	927	929	885	871	843	874	863	853	840	846	828	829	819	809	805	802	792	793	789	784	779	771	772	769	761
64	170	2	2	119	0	1953125	12	0.0	7596	2.32	0	0	V0.2	0	0	27	29	30	23	23	29	25	23	16	14	20	7	3	16	8	8	18	10	12	25	22	22	36	51	27	39	86	20	13	57	136	40	86	50	67	132	228	179	94	166	211	147	314	504	188	309	232	383	544	341	717	683	120	668	1000	909	661	491	426	137	230	86	172	264	65	114	130	56	32	65	52	9	31	27	24	27	16	16	14	23	16	11	7	5	16
64	170	2	2	119	0	1953125	12	0.0	0	0.68	0	0	V0.2	0	0	151	129	152	143	152	138	175	157	136	167	159	156	156	149	172	194	195	166	165	176	157	177	206	198	190	211	183	214	198	183	231	167	273	181	230	289	314	247	150	44	255	407	501	215	375	64	352	142	435	404	164	397	592	555	523	1000	380	494	346	309	111	172	125	179	155	95	174	195	210	134	122	133	145	134	142	128	124	149	152	166	166	190	188	146	181
64	170	2	2	119	0	1953125	12	0.0	7536	2.31	0	0	V0.2	0	0	20	22	25	21	22	12	22	19	8	8	14	7	6	5	3	10	1	7	7	11	11	24	8	22	48	25	30	3	67	82	74	79	154	124	229	272	102	290	101	364	217	199	497	463	141	355	608	209	645	234	255	279	91	804	1000	552	830	936	437	246	397	263	254	305	201	105	138	151	41	35	107	59	57	57	53	30	7	17	20	10	9	16	9	9	12
64	170	2	2	119	0	1953125	12	0.0	7651	2.33	0	0	V0.2	0	0	74	74	72	101	76	64	56	77	72	21	30	56	80	20	25	68	35	31	48	125	29	53	56	91	143	34	125	77	211	41	222	206	483	234	283	282	662	441	289	167	591	481	320	189	230	243	562	611	788	446	538	717	880	999	868	694	819	727	395	288	553	704	455	273	282	365	185	117	82	207	69	83	101	193	67	75	39	85	132	111	65	24	99	96	37
64	170	2	2	119	0	1953125	12	0.0	0	0.72	0	0	V0.2	0	0	302	275	267	285	257	235	223	219	190	194	159	129	101	94	67	39	41	79	95	109	174	191	238	303	318	385	429	430	459	486	468	561	550	644	647	689	624	785	698	611	526	515	837	778	832	1000	497	962	928	790	444	738	298	365	201	731	537	864	563	489	537	484	422	455	417	337	359	356	302	337	296	306	293	265	264	261	262	230	251	248	229	227	222	197	168
