34928	35048	35167	35286	35405	35524	35644	35763	35882	36001	36120	36240	36359	36478	36597	36716	36836	36955	37074	37193	37313	37432	37551	37670	37789	37909	38028	38147	38266	38385	38505	38624	38743	38862	38981	39101	39220	39339	39458	39577	39697	39816	39935	40054	40174	40293	40412	40531	40650	40770	40889	41008	41127	41246	41366	41485	41604	41723	41842	41962	42081	42200	42319	42439	42558	42677	42796	42915	43035	43154	43273	43392	43511	43631	43750	43869	43988	44107	44227	44346	44465	44584	44703	44823	44942
64	170	1	2	119	0	1953125	12	0.0	6235	2.09	0	0	V0.2	0	0	25	25	26	24	23	19	19	12	14	19	8	13	12	16	15	13	20	19	15	26	18	31	36	41	23	41	17	62	33	42	21	65	10	56	44	145	166	31	101	22	200	277	266	229	102	182	293	72	156	216	214	576	431	335	376	304	1000	768	244	261	302	399	224	251	118	125	91	74	53	58	37	24	32	18	13	22	11	22	22	9	15	13	16	9	18
64	170	1	2	119	0	1953125	12	0.0	274	1.07	0	0	V0.2	0	0	218	209	177	189	208	176	144	138	148	137	84	81	95	84	51	89	103	105	94	150	183	165	167	199	258	236	207	261	322	289	221	266	364	242	306	278	282	303	329	205	349	271	287	237	343	304	262	186	403	172	468	396	438	169	779	609	1000	160	396	407	507	202	315	215	292	269	227	221	236	210	201	192	200	178	168	157	128	123	115	79	78	79	44	44	17
64	170	1	2	119	0	1953125	12	0.0	6215	2.09	0	0	V0.2	0	0	32	19	15	27	27	22	8	10	28	20	6	11	26	15	4	21	24	10	12	37	14	29	7	50	35	15	22	69	43	14	9	58	162	60	48	150	199	185	169	85	106	234	236	94	59	105	72	249	122	84	163	397	175	990	973	440	1000	346	374	522	313	283	143	215	66	139	54	24	32	53	31	52	11	17	42	38	27	18	25	22	24	11	12	16	20
64	170	2	2	119	0	1953125	12	0.0	204	1.05	0	0	V0.2	0	0	411	393	325	344	372	332	258	234	259	252	152	155	176	145	101	140	189	190	177	257	311	318	291	369	460	447	380	439	574	504	451	505	613	534	600	390	555	671	438	582	508	707	477	356	604	568	216	809	309	185	1000	200	431	745	800	303	687	545	390	586	534	481	615	470	426	464	449	488	363	377	412	382	350	290	303	315	235	220	225	191	161	119	92	86	39
64	170	2	2	119	0	1953125	12	0.0	0	0.34	0	0	V0.2	0	0	12	12	13	13	15	15	16	15	14	14	14	11	10	10	8	7	11	10	2	3	14	17	18	27	40	41	66	59	104	102	135	121	97	88	12	92	72	149	313	306	397	223	290	548	378	456	477	627	804	890	784	617	553	411	634	964	1000	770	676	211	229	386	425	187	199	158	188	142	99	119	92	80	48	47	47	46	36	40	37	37	29	26	20	14	15
64	170	2	2	119	0	1953125	12	0.0	0	0.53	0	0	V0.2	0	0	18	11	9	15	20	20	15	9	17	24	27	21	12	10	20	23	22	16	16	18	29	27	11	14	26	43	46	51	49	71	102	55	105	83	76	144	174	211	233	80	152	103	273	340	515	396	375	480	454	311	153	265	588	1000	958	866	774	641	318	425	486	319	339	226	138	179	169	196	191	164	113	61	62	81	89	77	47	19	38	56	60	42	19	17	40
64	170	2	2	119	0	1953125	12	0.0	0	0.51	0	0	V0.2	0	0	14	7	2	9	17	21	17	7	4	19	25	27	22	8	4	20	35	43	38	30	22	48	61	83	84	69	83	134	134	181	202	201	251	181	227	196	247	178	98	9	72	309	520	601	465	555	733	546	992	1000	699	639	523	306	346	218	292	839	702	340	371	350	241	223	145	62	52	38	26	59	57	65	51	32	15	27	53	55	51	29	4	22	38	49	42
64	170	2	2	119	0	1953125	12	0.0	0	0.58	0	0	V0.2	0	0	24	19	5	11	24	25	15	5	20	29	24	9	14	29	33	20	8	27	38	28	8	25	43	49	25	22	47	82	77	49	37	56	134	114	192	103	196	152	257	202	254	291	246	164	389	379	282	684	431	637	681	1000	594	827	765	710	594	498	186	148	199	225	137	154	104	58	108	103	60	34	54	83	69	54	30	35	49	47	31	18	26	33	30	18	21
64	170	2	2	119	0	1953125	12	0.0	0	0.59	0	0	V0.2	0	0	21	8	28	42	36	14	26	46	46	26	24	52	63	47	27	43	71	62	37	39	77	85	69	42	72	97	97	94	123	161	148	137	64	111	94	176	225	272	302	28	299	177	405	369	630	663	561	813	856	682	541	522	594	760	1000	696	519	718	786	759	513	401	338	250	264	163	64	92	146	180	95	39	84	114	105	56	60	98	101	72	37	50	77	69	39
64	170	2	2	119	0	1953125	12	0.0	0	0.63	0	0	V0.2	0	0	29	28	9	16	32	26	7	19	36	31	4	27	41	32	4	32	47	28	15	45	68	45	36	70	108	64	68	93	125	127	123	167	239	199	138	135	204	219	197	191	511	395	143	326	514	494	244	650	795	685	530	610	879	694	730	230	181	999	967	148	93	175	175	196	241	130	190	174	131	47	74	102	74	36	36	75	62	11	38	58	42	5	35	58	45
