34928	35048	35167	35286	35405	35524	35644	35763	35882	36001	36120	36240	36359	36478	36597	36716	36836	36955	37074	37193	37313	37432	37551	37670	37789	37909	38028	38147	38266	38385	38505	38624	38743	38862	38981	39101	39220	39339	39458	39577	39697	39816	39935	40054	40174	40293	40412	40531	40650	40770	40889	41008	41127	41246	41366	41485	41604	41723	41842	41962	42081	42200	42319	42439	42558	42677	42796	42915	43035	43154	43273	43392	43511	43631	43750	43869	43988	44107	44227	44346	44465	44584	44703	44823	44942
64	170	2	2	119	0	1953125	12	0.0	0	0.95	0	0	V0.2	0	0	275	227	281	228	279	235	281	243	277	244	271	247	269	246	253	251	243	260	224	264	200	271	188	292	158	311	135	316	138	321	142	355	130	353	232	346	247	283	387	241	346	140	499	232	709	395	779	283	728	343	452	411	315	576	681	973	726	1000	728	893	358	536	72	414	108	390	226	305	274	252	336	179	344	122	346	91	332	99	308	115	284	137	259	153	230
64	170	2	2	119	0	1953125	12	0.0	0	0.95	0	0	V0.2	0	0	259	219	274	214	274	212	284	216	286	207	286	210	285	209	272	211	263	227	243	232	223	250	201	273	179	293	149	316	110	342	84	365	70	398	157	374	204	373	330	316	316	172	538	215	701	365	857	268	614	187	556	416	461	679	789	1000	918	964	747	776	435	486	152	409	30	392	158	352	226	298	290	228	309	167	330	112	319	92	310	96	286	106	266	128	243
64	170	2	2	119	0	1953125	12	0.0	0	0.95	0	0	V0.2	0	0	11	69	17	67	32	56	37	45	37	40	40	32	33	38	31	38	30	49	34	57	49	59	66	66	84	62	110	47	135	34	159	60	194	103	207	139	149	222	138	225	90	216	266	413	472	628	675	392	436	292	439	348	432	686	1000	917	953	939	867	814	483	459	259	258	222	212	264	181	247	155	238	154	183	142	149	143	107	132	87	117	70	104	73	83	67
64	170	1	2	119	0	1953125	12	0.0	154	1.05	0	0	V0.2	0	0	53	48	58	31	71	26	66	16	67	17	53	32	38	44	32	62	29	70	40	62	49	59	58	22	81	4	101	36	131	48	138	82	163	89	133	111	147	158	195	180	173	236	328	338	323	340	312	120	19	141	75	366	414	710	699	790	998	1000	904	847	617	621	416	421	251	285	137	191	114	180	132	166	138	143	123	119	111	82	98	67	86	54	81	60	73
64	170	1	2	119	0	1953125	12	0.0	271	1.07	0	0	V0.2	0	0	59	75	58	53	70	44	70	19	74	3	71	27	54	48	48	54	16	75	15	77	54	94	65	86	116	94	98	66	141	46	119	58	239	147	257	229	389	338	523	430	578	501	696	567	839	648	809	448	516	322	408	550	369	448	468	652	1000	668	709	726	830	569	495	355	383	231	261	201	218	132	150	145	111	99	61	94	10	95	20	72	46	84	38	52	57
64	170	1	2	119	0	1953125	12	0.0	1843	1.34	0	0	V0.2	0	0	52	57	22	30	60	34	16	42	47	13	31	48	30	9	30	47	34	16	41	55	25	28	62	68	11	93	100	40	74	163	98	7	208	299	288	235	111	208	373	340	36	275	529	546	590	261	101	247	659	763	763	572	83	521	981	999	740	203	641	658	540	141	206	455	396	213	122	200	149	179	143	69	84	117	62	42	82	78	43	59	60	44	57	57	42
64	170	1	2	119	0	1953125	12	0.0	104	1.04	0	0	V0.2	0	0	16	77	93	35	63	97	55	55	91	70	57	91	75	70	95	82	81	112	90	82	129	108	84	152	144	96	167	189	110	144	212	180	120	207	235	161	193	243	187	131	214	198	199	267	289	292	445	537	491	604	699	753	833	930	942	1000	967	795	741	602	570	532	399	352	387	376	252	258	286	213	182	230	188	136	180	182	139	150	167	136	126	139	124	107	109
64	170	2	2	119	0	1953125	12	0.0	7621	2.33	0	0	V0.2	0	0	64	60	55	53	52	55	52	55	57	34	37	36	44	41	33	31	50	48	37	52	62	48	50	74	132	93	127	38	130	50	236	94	129	214	145	284	92	149	101	193	8	480	555	139	183	279	393	394	87	237	294	447	682	587	671	780	832	1000	286	605	326	426	390	279	227	164	114	92	44	130	66	53	22	29	41	14	11	18	13	8	13	6	6	21	18
64	170	2	2	119	0	1953125	12	0.0	7773	2.35	0	0	V0.2	0	0	72	85	75	71	61	73	67	42	62	29	60	23	29	32	31	42	25	66	49	43	76	68	94	78	58	115	155	46	120	129	213	22	131	279	196	512	431	438	329	206	169	253	274	645	632	390	215	388	428	328	398	664	732	1000	875	999	938	699	669	384	478	411	304	367	120	58	105	115	109	92	124	116	83	69	84	33	98	52	47	11	54	25	44	38	44
64	170	2	2	119	0	1953125	12	0.0	7568	2.32	0	0	V0.2	0	0	50	59	53	55	58	32	53	47	36	21	39	35	12	25	18	32	25	23	47	45	30	54	50	63	86	31	74	93	112	10	106	82	169	141	227	362	211	233	189	242	432	335	321	269	364	468	655	573	221	256	547	945	1000	999	909	572	460	216	70	89	45	155	132	99	183	50	91	18	102	63	91	36	122	85	49	42	88	89	26	61	30	58	6	37	30
64	170	1	2	119	0	1953125	12	0.0	7516	2.31	0	0	V0.2	0	0	58	77	61	69	69	50	52	47	37	46	19	41	17	38	11	40	34	8	67	16	90	24	94	74	60	69	81	84	94	79	109	77	96	141	161	243	371	199	277	84	148	77	19	210	260	105	112	353	718	821	1000	935	691	685	475	523	582	420	449	291	362	361	302	291	43	113	69	112	75	69	96	95	60	84	35	60	41	22	60	16	74	39	56	33	19
64	170	1	2	119	0	1953125	12	0.0	7673	2.34	0	0	V0.2	0	0	54	87	55	86	62	60	56	56	62	15	67	13	52	14	37	44	39	56	45	69	84	23	104	78	100	96	85	111	122	58	143	85	151	52	208	186	115	241	86	63	108	329	218	399	286	495	507	343	215	429	753	877	999	718	679	538	354	428	271	39	131	363	340	177	214	141	113	20	116	156	71	52	60	102	92	66	57	82	62	27	27	21	79	40	37
64	170	1	2	119	0	1953125	12	0.0	7651	2.33	0	0	V0.2	0	0	61	94	71	90	39	93	45	75	33	50	39	62	2	34	44	38	22	42	97	23	72	60	117	47	86	100	122	66	150	30	199	103	132	128	100	222	127	44	270	252	146	273	61	209	130	221	274	574	470	357	356	193	202	588	686	834	999	812	602	578	288	61	60	277	269	34	39	136	177	70	49	96	145	63	45	54	40	100	47	35	17	98	63	22	19
64	170	1	2	119	0	1953125	12	0.0	7598	2.32	0	0	V0.2	0	0	87	121	86	101	69	114	63	92	27	102	39	62	18	80	19	46	71	88	60	25	137	73	140	69	175	115	169	95	173	65	257	96	248	105	285	187	176	50	356	284	109	36	384	368	117	153	131	282	354	527	927	999	723	617	386	398	684	680	515	594	399	677	494	615	247	238	68	292	66	223	88	251	77	151	16	146	16	175	64	122	28	125	59	70	59
64	170	1	2	119	0	1953125	12	0.0	0	0.94	0	0	V0.2	0	0	501	468	457	471	475	426	394	347	314	296	280	222	150	160	177	188	184	199	270	345	399	394	432	505	576	609	618	653	646	652	810	721	788	703	816	819	809	759	748	683	824	714	796	523	1000	443	707	878	837	682	501	674	765	569	627	546	685	759	500	959	615	624	557	692	628	609	574	526	534	509	523	505	446	411	370	411	352	364	260	229	211	195	214	157	68
64	170	1	2	119	0	1953125	12	0.0	0	0.96	0	0	V0.2	0	0	9	37	15	37	20	29	24	20	22	21	28	11	17	20	25	13	13	22	24	16	22	27	27	25	32	39	58	30	71	14	125	70	71	35	187	149	66	69	206	272	138	55	122	412	402	344	160	146	240	248	309	343	270	28	693	1000	717	67	557	714	560	360	95	170	206	159	153	116	153	45	121	99	109	47	81	82	53	48	51	66	16	47	43	44	9
64	170	2	2	119	0	1953125	12	0.0	0	0.41	0	0	V0.2	0	0	13	14	14	15	14	12	10	9	11	15	15	17	19	19	22	16	15	15	18	15	18	20	22	26	18	12	20	24	17	38	61	49	75	9	90	73	105	127	88	102	161	162	321	266	342	397	44	164	303	269	137	190	481	1000	469	871	470	766	494	353	289	206	128	118	44	64	63	26	58	55	60	55	42	49	44	34	25	20	15	17	23	24	24	25	22
64	170	2	2	119	0	1953125	12	0.0	0	0.69	0	0	V0.2	0	0	14	21	12	8	20	17	5	19	22	8	17	29	21	3	27	34	12	13	30	21	4	30	30	8	20	25	11	24	61	54	29	54	55	64	78	136	110	148	130	153	148	161	153	269	341	395	297	394	427	236	239	453	506	266	540	1000	772	241	293	395	281	133	63	111	161	94	28	67	70	40	35	79	64	16	35	50	26	24	51	39	10	34	40	17	24
64	170	2	2	119	0	1953125	12	0.0	0	0.96	0	0	V0.2	0	0	27	61	22	78	21	56	10	61	24	49	28	41	15	42	24	32	13	62	28	38	12	83	24	83	45	115	62	101	96	177	254	154	163	95	324	281	450	190	162	351	523	654	432	170	302	914	798	738	410	207	565	830	1000	706	680	881	916	421	401	447	465	638	447	363	97	323	297	305	157	148	190	150	148	70	144	64	112	65	103	48	71	71	60	39	46
64	170	2	2	119	0	1953125	12	0.0	0	0.69	0	0	V0.2	0	0	50	57	38	35	57	50	29	49	61	44	35	60	59	36	53	67	51	38	76	71	39	64	88	60	51	116	98	22	78	130	112	38	153	181	107	73	211	191	119	119	239	278	330	400	350	184	322	383	442	495	166	190	435	755	733	328	181	939	1000	441	263	281	325	198	87	159	164	120	67	161	148	48	57	118	96	12	75	102	62	33	84	85	41	62	91
64	170	2	2	119	0	1953125	12	0.0	0	0.96	0	0	V0.2	0	0	165	195	167	198	173	198	184	190	182	194	188	184	187	172	190	176	180	163	184	158	185	152	177	141	195	136	184	109	225	107	212	101	280	93	314	260	148	117	342	329	237	356	183	487	147	354	47	527	422	500	599	188	298	455	1000	821	719	465	445	809	806	420	462	164	260	97	277	202	187	182	170	241	111	211	101	213	101	218	94	193	107	183	121	164	108
64	170	2	2	119	0	1953125	12	0.0	0	0.70	0	0	V0.2	0	0	46	31	49	58	39	37	54	52	33	45	57	42	34	55	51	30	42	58	42	28	53	50	29	30	60	52	26	47	53	14	41	60	79	55	119	115	83	184	164	154	137	68	119	255	304	252	156	343	503	497	593	640	563	340	623	1000	671	147	259	512	343	120	112	135	220	157	88	77	93	75	37	56	54	25	27	37	27	27	39	30	17	34	35	17	16
64	170	2	2	119	0	1953125	12	0.0	0	0.96	0	0	V0.2	0	0	195	190	202	186	208	183	217	185	214	177	214	180	216	172	203	174	208	169	198	160	191	162	205	140	183	151	224	126	199	173	211	170	218	257	149	216	196	392	3	198	214	449	240	468	303	356	350	751	594	281	483	377	336	485	1000	547	669	473	817	347	294	47	334	171	320	221	224	236	177	254	111	230	118	268	75	217	105	229	116	196	109	189	131	177	122
64	170	2	2	119	0	1953125	12	0.0	0	0.69	0	0	V0.2	0	0	7	18	17	8	15	20	10	12	25	18	6	23	26	9	16	29	17	9	27	26	9	22	33	14	16	33	37	29	59	69	55	53	83	98	115	157	113	96	131	188	216	141	118	216	296	311	153	177	247	123	283	521	540	306	425	1000	810	5	116	310	335	91	50	132	238	154	48	75	103	69	24	83	71	26	29	52	32	18	47	42	7	33	42	23	13
64	170	2	2	119	0	1953125	12	0.0	0	0.68	0	0	V0.2	0	0	6	20	32	21	10	31	33	13	22	36	23	12	33	34	17	28	41	34	24	40	37	27	42	55	50	69	73	74	57	81	119	160	152	172	160	167	180	189	137	203	279	314	401	307	148	259	444	412	328	769	812	690	816	700	416	664	872	914	1000	392	259	349	436	261	58	57	199	193	67	101	141	121	28	82	102	48	30	78	74	14	51	77	50	13	60
64	170	2	2	119	0	1953125	12	0.0	0	0.68	0	0	V0.2	0	0	6	20	32	21	10	31	33	13	22	36	23	12	33	34	17	28	41	34	24	40	37	27	42	55	50	69	73	74	57	81	119	160	152	172	160	167	180	189	137	203	279	314	401	307	148	259	444	412	328	769	812	690	816	700	416	664	872	914	1000	392	259	349	436	261	58	57	199	193	67	101	141	121	28	82	102	48	30	78	74	14	51	77	50	13	60
64	170	2	2	119	0	1953125	12	0.0	0	0.95	0	0	V0.2	0	0	8	43	12	39	16	35	23	24	17	29	27	22	25	24	22	28	25	32	26	42	42	37	48	40	65	45	96	27	74	18	134	111	119	101	139	179	125	138	130	281	236	272	257	88	159	397	508	293	9	305	532	596	643	361	115	640	1000	836	560	81	243	432	348	283	183	44	169	130	128	54	107	101	95	101	63	82	34	73	43	58	35	58	49	42	41
64	170	2	2	119	0	1953125	12	0.0	0	0.95	0	0	V0.2	0	0	51	34	38	37	34	38	25	44	12	39	5	31	14	36	18	35	25	40	20	52	26	71	11	68	4	97	42	99	75	73	103	139	177	102	221	130	241	139	170	98	217	271	320	402	259	437	380	328	305	444	681	839	949	876	460	98	808	960	1000	652	268	187	182	278	177	215	184	181	171	129	170	70	119	82	137	78	86	79	72	67	57	81	44	47	39
64	170	2	2	119	0	1953125	12	0.0	7567	2.32	0	0	V0.2	0	0	30	39	42	33	21	34	30	33	16	24	29	21	13	19	31	11	13	29	32	24	12	40	40	52	26	55	30	74	54	54	77	82	32	45	79	102	221	142	112	210	133	104	405	117	465	359	300	310	603	121	97	434	129	379	408	996	974	763	433	1000	107	291	144	184	41	119	128	59	14	18	51	40	56	2	31	28	19	41	33	19	20	42	32	15	11
64	170	2	2	119	0	1953125	12	0.0	7567	2.32	0	0	V0.2	0	0	30	39	42	33	21	34	30	33	16	24	29	21	13	19	31	11	13	29	32	24	12	40	40	52	26	55	30	74	54	54	77	82	32	45	79	102	221	142	112	210	133	104	405	117	465	359	300	310	603	121	97	434	129	379	408	996	974	763	433	1000	107	291	144	184	41	119	128	59	14	18	51	40	56	2	31	28	19	41	33	19	20	42	32	15	11
64	170	2	2	119	0	1953125	12	0.0	7723	2.34	0	0	V0.2	0	0	44	80	44	86	37	60	50	60	42	19	57	8	52	15	42	31	23	47	25	70	31	41	98	88	77	17	174	96	102	42	246	71	137	96	88	242	352	414	503	224	163	261	421	362	327	139	291	123	241	646	898	1000	899	386	167	153	124	206	240	455	275	359	154	201	93	289	127	155	10	145	52	50	118	119	52	29	108	40	127	77	92	44	117	82	63
64	170	2	2	119	0	1953125	12	0.0	0	0.63	0	0	V0.2	0	0	24	15	31	19	11	21	19	9	44	24	14	41	31	8	13	14	21	20	41	32	42	40	19	10	28	23	41	39	57	29	25	62	70	179	90	181	166	130	205	150	340	84	241	107	213	105	350	492	619	673	566	523	834	1000	704	372	789	228	373	45	327	77	139	212	57	22	54	81	48	21	41	70	26	20	47	39	23	10	29	23	31	22	13	12	39
64	170	2	2	119	0	1953125	12	0.0	0	0.63	0	0	V0.2	0	0	24	15	31	19	11	21	19	9	44	24	14	41	31	8	13	14	21	20	41	32	42	40	19	10	28	23	41	39	57	29	25	62	70	179	90	181	166	130	205	150	340	84	241	107	213	105	350	492	619	673	566	523	834	1000	704	372	789	228	373	45	327	77	139	212	57	22	54	81	48	21	41	70	26	20	47	39	23	10	29	23	31	22	13	12	39
64	170	2	2	119	0	1953125	12	0.0	7551	2.32	0	0	V0.2	0	0	45	59	58	39	36	47	50	27	20	31	42	22	11	36	35	22	24	44	45	41	34	66	59	94	66	87	65	30	38	35	164	67	37	139	222	229	297	213	191	127	171	409	275	192	653	713	576	600	361	279	458	535	621	283	519	845	1000	526	996	457	267	274	324	381	202	54	30	112	102	125	10	52	92	86	32	13	40	67	44	11	22	51	48	27	25
64	170	2	2	119	0	1953125	12	0.0	7708	2.34	0	0	V0.2	0	0	63	54	46	37	63	52	35	23	48	34	28	14	31	27	30	35	34	32	17	28	66	75	49	80	56	82	54	64	78	89	57	91	58	162	259	158	247	176	53	105	126	91	213	285	485	447	341	320	393	589	859	1000	705	488	136	396	414	336	160	143	68	139	87	249	112	132	35	98	54	37	75	64	82	64	71	49	75	34	55	6	71	32	16	29	45
64	170	2	2	119	0	1953125	12	0.0	264	1.06	0	0	V0.2	0	0	470	448	399	391	407	399	323	290	302	291	220	164	201	198	142	146	232	233	230	285	370	385	378	415	517	507	505	518	581	621	601	557	602	717	628	570	664	589	743	465	763	560	472	688	475	491	369	666	455	402	357	1000	442	443	585	503	592	680	480	743	294	546	492	565	555	481	467	460	501	454	408	395	424	386	311	315	292	267	214	181	178	155	127	56	59
64	170	2	2	119	0	1953125	12	0.0	196	1.05	0	0	V0.2	0	0	16	109	12	105	7	102	3	93	18	94	24	81	41	72	50	56	69	43	88	42	122	34	140	40	184	59	215	90	244	104	314	180	337	227	449	313	439	297	477	348	461	435	577	476	579	521	636	470	563	451	460	544	547	665	476	853	986	1000	944	910	676	819	589	676	361	506	307	380	204	314	186	243	136	226	150	169	98	157	100	112	76	117	82	78	84
64	170	2	2	119	0	1953125	12	0.0	149	1.05	0	0	V0.2	0	0	89	72	72	96	81	83	62	104	65	91	63	109	56	102	84	116	84	125	132	137	144	164	193	159	201	204	236	208	255	255	298	285	338	352	375	391	422	399	442	456	503	538	616	682	801	890	771	793	876	851	623	671	739	845	622	993	1000	752	469	687	561	679	400	467	347	495	287	319	224	333	185	233	175	245	135	177	147	182	103	145	130	134	94	127	120
64	170	2	2	119	0	1953125	12	0.0	6222	2.09	0	0	V0.2	0	0	29	22	21	21	23	19	14	10	16	12	9	7	11	12	10	7	15	10	16	11	20	28	29	13	11	48	41	41	25	77	44	101	82	99	138	128	148	184	48	20	234	319	104	88	111	57	315	372	354	763	310	630	297	365	152	1000	977	247	693	580	419	148	294	216	210	65	126	49	80	52	55	20	25	28	30	19	26	25	28	18	17	15	12	5	16
64	170	2	2	119	0	1953125	12	0.0	2186	1.39	0	0	V0.2	0	0	183	183	165	156	158	156	132	117	124	113	93	71	64	75	63	54	88	93	97	117	139	151	157	165	197	209	209	218	221	220	273	267	199	285	315	230	220	295	364	169	213	309	290	273	216	168	258	201	506	315	255	276	1000	746	461	704	853	801	536	283	103	365	122	223	246	212	204	197	227	186	167	163	173	167	127	119	135	123	77	74	73	68	52	18	17
