34928	35048	35167	35286	35405	35524	35644	35763	35882	36001	36120	36240	36359	36478	36597	36716	36836	36955	37074	37193	37313	37432	37551	37670	37789	37909	38028	38147	38266	38385	38505	38624	38743	38862	38981	39101	39220	39339	39458	39577	39697	39816	39935	40054	40174	40293	40412	40531	40650	40770	40889	41008	41127	41246	41366	41485	41604	41723	41842	41962	42081	42200	42319	42439	42558	42677	42796	42915	43035	43154	43273	43392	43511	43631	43750	43869	43988	44107	44227	44346	44465	44584	44703	44823	44942
64	170	1	2	119	0	1953125	12	0.0	0	0.95	0	0	V0.2	0	0	152	195	163	193	163	194	178	193	184	179	192	173	203	154	201	133	209	121	208	96	209	82	213	77	212	88	223	120	183	158	173	217	202	283	174	390	154	454	140	446	206	412	208	240	407	413	740	468	462	240	432	137	449	372	865	826	1000	948	990	789	725	514	457	364	274	330	166	315	114	297	119	267	134	220	167	163	175	122	182	72	169	44	165	19	144
64	170	1	2	119	0	1953125	12	0.0	0	0.95	0	0	V0.2	0	0	131	163	130	171	123	179	123	185	117	185	113	189	114	183	110	176	124	161	134	138	153	118	168	89	186	76	208	60	216	25	243	61	297	122	289	190	269	277	279	352	361	404	192	475	364	719	654	703	416	447	300	203	447	429	999	801	991	755	743	573	537	327	364	175	279	134	238	157	202	182	165	209	112	214	67	204	37	190	41	154	56	136	77	110	83
64	170	1	2	119	0	1953125	12	0.0	0	0.95	0	0	V0.2	0	0	122	170	124	173	121	177	127	182	125	177	124	178	136	164	136	152	153	132	159	103	171	87	180	57	200	27	230	15	213	73	191	91	207	104	239	224	289	361	292	486	324	523	244	483	343	614	559	589	443	403	385	320	636	552	999	783	971	746	848	603	594	379	416	213	287	212	230	237	173	254	133	254	76	236	69	206	76	175	97	134	104	112	117	79	116
64	170	1	2	119	0	1953125	12	0.0	0	0.95	0	0	V0.2	0	0	166	131	177	128	179	124	191	125	193	115	194	118	195	119	183	118	178	130	163	145	138	161	114	178	107	196	97	234	35	234	32	287	100	359	210	380	216	305	285	284	289	282	300	219	544	402	640	321	533	378	588	483	623	821	1000	965	848	927	862	862	689	639	435	448	227	321	148	275	163	260	203	213	204	148	206	102	199	64	192	36	168	32	159	52	135
64	170	1	2	119	0	1953125	12	0.0	0	0.95	0	0	V0.2	0	0	88	126	90	132	89	133	93	134	95	134	95	130	101	122	105	111	113	95	117	79	126	65	126	52	137	30	155	4	163	46	166	78	174	92	202	145	158	196	152	252	183	267	124	350	193	377	278	246	114	98	241	229	418	423	851	806	1000	678	574	394	415	274	307	113	148	87	179	175	141	166	97	173	72	180	44	157	43	138	58	113	69	94	75	75	85
64	170	1	2	119	0	1953125	12	0.0	0	0.96	0	0	V0.2	0	0	132	126	137	122	144	119	156	113	154	110	158	109	155	103	146	104	148	97	133	86	137	93	129	58	143	70	131	85	122	66	159	128	121	88	157	141	95	186	100	233	138	242	135	371	121	371	305	205	94	220	381	496	664	353	749	826	999	607	638	613	579	314	330	143	252	144	212	168	158	163	136	183	89	174	54	163	24	159	16	131	26	124	47	98	48
64	170	1	2	119	0	1953125	12	0.0	0	1.01	0	0	V0.2	0	0	45	44	39	36	40	37	35	26	31	16	37	10	33	9	43	19	37	27	49	22	43	31	47	33	34	58	28	70	32	93	32	131	81	146	107	185	108	129	109	49	93	125	40	111	108	267	170	240	269	273	278	348	419	360	612	608	1000	921	852	624	577	434	444	309	258	203	180	158	127	113	76	78	76	70	65	66	71	63	57	61	57	52	47	50	40
64	170	1	2	119	0	1953125	12	0.0	104	1.04	0	0	V0.2	0	0	17	75	14	66	27	66	26	44	47	40	46	18	54	17	53	38	56	49	45	70	27	82	25	120	21	123	55	133	67	144	97	164	113	193	120	165	87	131	216	116	94	27	102	136	68	158	398	456	350	414	548	539	538	657	1000	834	945	646	590	511	619	545	492	370	328	296	271	182	172	121	150	82	152	74	127	72	128	65	110	72	94	61	84	64	68
64	170	1	2	119	0	1953125	12	0.0	0	1.00	0	0	V0.2	0	0	183	139	173	133	193	148	180	132	202	147	188	122	198	143	185	106	185	127	182	87	173	103	192	59	169	65	214	22	192	16	259	54	235	53	333	148	290	48	370	228	354	141	258	157	185	223	373	674	406	443	592	919	650	676	965	1000	981	519	650	612	560	295	264	338	333	306	168	259	206	267	99	232	100	201	70	199	49	151	61	171	22	115	62	149	22
64	170	1	2	119	0	1953125	12	0.0	129	1.04	0	0	V0.2	0	0	14	90	13	80	19	89	16	66	48	61	56	54	68	25	80	60	78	66	88	89	56	124	79	130	55	181	75	144	70	210	170	231	137	268	241	317	206	216	236	283	251	316	432	369	67	214	662	656	377	303	473	382	549	716	1000	856	917	628	513	417	661	556	518	279	350	285	308	157	235	151	202	138	200	105	141	127	140	96	122	108	89	84	99	83	71
64	170	1	2	119	0	1953125	12	0.0	7515	2.31	0	0	V0.2	0	0	38	27	36	49	36	13	33	44	28	1	27	34	25	11	26	43	34	31	41	57	55	33	63	81	51	54	75	97	23	57	16	95	109	94	54	258	90	111	138	159	156	171	575	215	562	130	902	749	355	586	758	774	580	273	240	498	722	1000	545	217	261	422	142	91	120	180	117	55	50	107	29	61	64	86	66	52	11	40	61	31	16	26	52	31	21
64	170	2	2	119	0	1953125	12	0.0	0	0.51	0	0	V0.2	0	0	26	21	15	10	3	0	17	8	13	5	18	18	23	26	27	16	9	27	46	25	28	11	26	11	27	42	41	35	59	62	19	41	34	103	62	126	142	317	225	110	130	61	370	366	199	102	277	468	490	561	602	1000	732	467	602	752	560	555	355	371	110	105	344	259	39	63	32	96	69	70	76	47	51	40	50	32	37	25	47	30	45	13	28	16	22
64	170	2	2	119	0	1953125	12	0.0	0	0.56	0	0	V0.2	0	0	10	8	5	6	9	8	7	6	9	12	11	7	5	9	15	13	8	6	17	21	19	14	17	30	49	33	15	24	48	61	62	32	56	59	118	107	53	121	51	32	38	94	77	143	121	283	357	414	416	576	1000	656	946	805	900	804	691	73	8	283	195	191	258	324	187	105	49	105	125	86	43	15	50	56	39	17	35	51	49	32	15	30	46	43	30
64	170	2	2	119	0	1953125	12	0.0	0	0.60	0	0	V0.2	0	0	24	11	25	32	28	16	24	37	38	22	24	41	46	30	21	45	51	43	30	43	63	59	27	28	48	68	42	15	15	32	68	75	52	60	90	164	139	257	281	278	231	317	349	280	345	187	423	385	454	201	505	760	890	810	669	993	956	999	661	502	364	441	394	318	150	147	196	188	162	65	75	131	142	96	41	88	110	93	40	44	87	95	59	30	68
64	170	2	2	119	0	1953125	12	0.0	0	0.59	0	0	V0.2	0	0	33	27	15	23	37	35	22	24	38	41	30	26	44	51	41	32	48	61	59	42	50	68	77	62	56	85	97	98	72	79	129	101	66	47	38	57	137	164	132	277	211	319	288	393	510	502	513	587	780	639	690	724	806	729	726	581	624	1000	883	788	514	465	367	298	168	110	112	136	127	104	74	91	103	104	82	77	86	90	80	64	63	71	70	59	50
64	170	2	2	119	0	1953125	12	0.0	0	0.64	0	0	V0.2	0	0	11	24	25	13	17	29	26	14	23	33	26	15	27	32	21	14	33	35	22	28	46	48	26	38	70	71	49	77	117	130	95	175	173	190	178	140	212	195	119	214	201	302	303	307	426	446	485	473	754	702	506	506	628	281	132	40	428	999	772	675	555	605	548	319	235	249	283	203	115	138	159	146	80	66	107	97	55	42	82	74	31	39	73	61	23
64	170	2	2	119	0	1953125	12	0.0	0	0.66	0	0	V0.2	0	0	12	17	31	23	10	28	32	19	19	36	31	13	30	42	29	18	38	38	15	23	42	27	14	43	53	34	34	48	36	41	26	86	87	66	127	165	205	311	293	301	443	448	520	392	419	321	508	410	609	460	483	292	355	740	686	1000	990	862	916	288	51	64	233	22	48	83	186	138	51	82	132	130	74	70	102	81	35	56	74	51	14	43	49	23	13
64	170	2	2	119	0	1953125	12	0.0	0	0.68	0	0	V0.2	0	0	71	52	57	73	60	49	70	68	46	64	76	54	49	74	66	43	66	75	47	52	80	56	41	77	76	24	56	90	51	42	49	65	45	55	90	110	9	120	191	125	176	229	161	54	67	66	6	117	284	365	373	446	599	640	1000	545	322	355	300	105	203	23	138	22	26	75	82	33	62	88	55	20	70	69	17	34	52	25	14	43	37	6	29	36	16
64	170	2	2	119	0	1953125	12	0.0	0	0.69	0	0	V0.2	0	0	6	18	23	12	8	20	18	9	15	17	8	10	20	14	4	16	18	10	5	13	7	7	17	9	9	22	13	22	22	31	24	26	59	51	43	56	74	95	111	107	171	88	59	146	199	158	157	139	188	353	218	410	347	101	532	999	554	821	807	496	444	285	78	69	114	89	15	19	51	48	32	50	62	54	45	46	46	31	27	33	27	21	23	27	24
64	170	2	2	119	0	1953125	12	0.0	0	0.80	0	0	V0.2	0	0	107	94	85	104	80	91	97	75	103	94	93	116	88	96	100	69	81	70	84	96	63	100	90	41	100	76	40	73	71	108	50	120	192	109	171	205	148	212	292	264	467	397	192	342	298	184	126	165	243	230	320	429	239	169	512	626	1000	795	369	289	368	337	302	223	89	56	23	66	89	13	94	110	40	98	76	19	75	44	57	75	27	54	45	13	39
64	170	2	2	119	0	1953125	12	0.0	0	0.96	0	0	V0.2	0	0	9	35	26	25	26	19	25	15	34	2	10	17	26	8	22	24	25	12	23	23	25	28	56	7	32	8	42	47	108	101	140	76	29	38	96	99	140	164	69	231	319	516	427	70	35	90	227	484	520	613	570	278	284	411	810	531	661	843	1000	656	611	264	81	84	47	117	150	61	55	12	91	43	86	66	47	33	40	53	19	36	38	49	16	28	34
64	170	2	2	119	0	1953125	12	0.0	0	0.60	0	0	V0.2	0	0	5	6	13	13	7	5	13	15	7	2	13	17	10	9	21	22	16	9	23	33	26	9	20	35	37	22	40	60	48	35	40	65	60	34	102	189	292	227	309	252	75	238	128	194	350	369	387	166	177	38	191	434	497	216	191	926	1000	281	218	267	200	337	291	186	62	30	106	87	44	39	64	85	44	11	40	65	52	15	24	43	39	19	7	29	36
64	170	2	2	119	0	1953125	12	0.0	0	0.60	0	0	V0.2	0	0	18	6	26	31	17	6	31	37	25	2	28	38	28	3	29	43	37	11	40	59	52	32	41	66	65	32	18	77	154	109	87	113	179	200	159	188	235	191	246	377	427	440	226	247	313	336	333	492	611	1000	710	573	793	752	268	675	997	398	960	989	638	253	427	294	274	239	108	84	111	121	96	81	54	62	74	64	34	39	65	66	50	29	45	53	42
64	170	2	2	119	0	1953125	12	0.0	0	0.60	0	0	V0.2	0	0	18	6	26	31	17	6	31	37	25	2	28	38	28	3	29	43	37	11	40	59	52	32	41	66	65	32	18	77	154	109	87	113	179	200	159	188	235	191	246	377	427	440	226	247	313	336	333	492	611	1000	710	573	793	752	268	675	997	398	960	989	638	253	427	294	274	239	108	84	111	121	96	81	54	62	74	64	34	39	65	66	50	29	45	53	42
64	170	2	2	119	0	1953125	12	0.0	0	0.60	0	0	V0.2	0	0	5	19	23	12	9	23	30	23	9	23	33	29	12	22	35	33	19	24	48	54	36	34	65	78	57	16	40	66	75	87	83	124	144	116	136	193	336	248	240	235	195	238	360	405	373	332	299	235	272	696	866	1000	859	460	103	391	300	224	227	805	788	388	154	163	125	176	156	139	57	99	111	84	32	28	53	68	43	9	44	62	53	20	27	50	50
64	170	2	2	119	0	1953125	12	0.0	0	0.60	0	0	V0.2	0	0	3	14	16	10	5	17	24	18	6	17	25	24	10	16	29	25	13	17	38	44	29	19	41	59	49	24	39	66	72	49	39	61	101	78	160	228	263	218	296	222	243	130	88	213	244	293	443	364	429	372	452	1000	974	465	265	219	185	265	36	430	505	334	53	122	106	123	121	92	25	35	79	98	51	20	37	53	42	10	28	46	43	23	11	35	41
64	170	2	2	119	0	1953125	12	0.0	0	0.60	0	0	V0.2	0	0	7	15	15	7	8	20	23	15	5	18	25	19	7	19	30	26	11	24	39	40	25	20	42	61	45	27	40	61	68	72	43	88	104	54	96	154	279	281	395	279	281	225	166	130	90	39	357	386	616	572	469	579	1000	676	291	228	172	578	330	222	382	340	82	84	125	93	160	107	49	81	71	87	40	29	50	51	32	3	35	48	39	13	18	38	39
64	170	2	2	119	0	1953125	12	0.0	0	0.60	0	0	V0.2	0	0	5	14	17	5	8	22	25	16	5	21	27	22	7	23	32	27	13	29	49	48	23	24	46	58	55	48	58	94	96	76	56	95	140	51	124	175	208	231	396	431	335	314	229	381	474	354	94	264	509	762	821	925	1000	323	368	930	369	136	308	334	374	212	117	129	134	100	142	143	58	84	99	109	60	26	53	61	49	6	31	50	46	21	14	39	45
64	170	2	2	119	0	1953125	12	0.0	0	0.60	0	0	V0.2	0	0	5	15	16	9	7	21	25	17	5	20	27	23	9	19	34	31	15	25	44	50	33	29	51	55	41	42	46	93	144	95	52	110	151	94	122	217	181	154	262	383	397	420	373	343	371	420	213	57	340	434	607	828	1000	800	241	736	304	314	44	549	481	136	138	152	135	148	143	127	56	48	104	111	79	34	51	60	49	13	28	52	53	27	12	40	49
64	170	2	2	119	0	1953125	12	0.0	0	0.60	0	0	V0.2	0	0	6	21	23	11	10	30	36	25	6	26	38	30	13	26	46	42	23	36	62	63	44	40	70	81	50	36	45	116	194	134	97	163	203	158	146	309	268	168	315	430	520	610	711	654	487	477	145	123	607	724	967	833	1000	764	431	969	410	295	152	734	639	288	198	193	117	182	207	191	82	58	137	146	100	44	68	84	66	19	36	69	72	40	18	56	65
64	170	2	2	119	0	1953125	12	0.0	0	0.60	0	0	V0.2	0	0	9	19	18	8	11	26	30	18	6	25	33	23	6	27	40	32	18	38	57	52	28	31	65	76	38	14	41	101	159	108	96	148	194	145	102	236	243	129	261	338	512	531	677	697	560	512	87	55	622	784	1000	640	824	741	707	948	578	396	305	687	531	342	201	149	81	141	177	174	69	58	113	126	83	38	56	72	57	13	33	61	63	33	15	48	54
64	170	2	2	119	0	1953125	12	0.0	0	0.69	0	0	V0.2	0	0	36	30	7	19	29	14	17	33	26	3	32	39	18	18	44	45	16	18	37	21	15	42	43	34	39	54	45	43	94	79	66	54	82	111	29	111	132	158	280	385	550	433	570	660	586	541	265	187	342	489	590	342	831	918	1000	910	654	308	217	641	526	459	275	125	116	71	42	105	50	43	62	102	86	58	44	46	31	25	33	28	14	20	26	26	32
64	170	1	2	119	0	1953125	12	0.0	0	0.68	0	0	V0.2	0	0	101	126	120	100	119	124	97	110	132	108	92	132	127	86	107	138	111	92	115	111	72	124	142	63	93	144	107	36	105	136	129	105	72	197	47	182	209	177	349	432	460	211	350	546	554	430	267	218	188	394	166	449	831	725	1000	768	788	338	218	646	724	635	357	147	208	155	50	171	107	31	90	160	106	12	82	100	51	38	82	62	14	54	58	13	40
64	170	1	2	119	0	1953125	12	0.0	0	0.68	0	0	V0.2	0	0	101	126	120	100	119	124	97	110	132	108	92	132	127	86	107	138	111	92	115	111	72	124	142	63	93	144	107	36	105	136	129	105	72	197	47	182	209	177	349	432	460	211	350	546	554	430	267	218	188	394	166	449	831	725	1000	768	788	338	218	646	724	635	357	147	208	155	50	171	107	31	90	160	106	12	82	100	51	38	82	62	14	54	58	13	40
64	170	1	2	119	0	1953125	12	0.0	0	0.69	0	0	V0.2	0	0	28	33	16	11	28	19	9	29	31	8	25	39	27	9	39	45	20	11	30	22	12	44	48	31	45	61	51	47	71	64	53	52	83	121	15	79	179	263	372	366	382	227	286	415	547	446	179	201	91	238	316	775	1000	494	926	786	746	273	206	624	630	514	388	225	174	175	58	122	93	51	77	113	91	50	42	58	40	22	41	34	8	26	37	24	26
64	170	1	2	119	0	1953125	12	0.0	0	0.69	0	0	V0.2	0	0	25	30	14	11	26	19	7	26	27	7	23	35	24	10	35	39	17	11	26	18	16	37	37	26	39	53	54	49	63	49	46	51	72	82	9	82	191	281	349	318	329	221	221	307	481	339	219	242	184	121	355	867	1000	292	585	580	722	167	233	685	561	416	315	179	178	168	56	110	98	54	81	102	78	41	42	52	35	24	35	29	11	26	32	25	27
64	170	1	2	119	0	1953125	12	0.0	0	0.60	0	0	V0.2	0	0	10	5	11	13	6	5	14	17	9	3	14	18	11	4	15	17	11	3	19	29	30	11	25	38	28	7	18	40	54	49	79	86	140	116	73	79	90	185	234	254	295	224	91	209	222	210	288	287	330	201	259	812	1000	199	270	452	595	202	164	557	442	258	201	86	101	59	88	75	20	28	71	93	54	21	39	47	31	3	22	41	39	20	7	26	28
64	170	2	2	119	0	1953125	12	0.0	0	0.61	0	0	V0.2	0	0	13	17	12	4	14	18	12	3	12	18	13	2	11	18	13	2	12	22	22	8	15	20	15	6	19	51	54	38	36	59	67	29	10	29	45	48	42	124	115	90	56	86	232	198	169	382	476	362	207	203	123	330	334	354	540	415	74	1000	801	366	96	51	106	18	63	17	117	131	90	31	46	55	35	18	7	35	45	30	3	26	37	27	4	19	31
64	170	2	2	119	0	1953125	12	0.0	0	0.61	0	0	V0.2	0	0	6	13	16	11	7	15	16	12	7	14	17	13	7	13	20	17	7	17	23	18	8	12	28	35	23	19	35	31	19	17	19	15	49	53	33	71	135	156	127	172	93	55	136	175	196	395	403	291	337	139	295	323	662	700	918	730	721	1000	490	234	318	257	219	194	138	65	24	30	83	88	47	36	57	62	43	21	30	44	37	12	18	32	30	13	14
64	170	2	2	119	0	1953125	12	0.0	0	0.70	0	0	V0.2	0	0	147	125	102	139	137	103	130	144	109	123	153	120	99	148	136	94	126	144	102	102	134	96	87	152	125	47	120	115	19	189	192	111	106	154	92	142	225	193	248	473	567	635	262	297	182	118	393	663	761	656	805	856	318	232	1000	923	866	738	452	428	463	272	68	169	283	181	98	215	146	31	111	167	65	79	137	88	13	87	79	11	54	62	17	43	53
