34928	35048	35167	35286	35405	35524	35644	35763	35882	36001	36120	36240	36359	36478	36597	36716	36836	36955	37074	37193	37313	37432	37551	37670	37789	37909	38028	38147	38266	38385	38505	38624	38743	38862	38981	39101	39220	39339	39458	39577	39697	39816	39935	40054	40174	40293	40412	40531	40650	40770	40889	41008	41127	41246	41366	41485	41604	41723	41842	41962	42081	42200	42319	42439	42558	42677	42796	42915	43035	43154	43273	43392	43511	43631	43750	43869	43988	44107	44227	44346	44465	44584	44703	44823	44942
64	170	1	2	119	0	1953125	12	0.0	0	0.95	0	0	V0.2	0	0	281	267	281	274	275	284	275	291	259	295	247	306	232	302	214	308	208	307	191	303	192	306	202	306	211	307	242	298	281	252	331	223	408	185	418	112	417	110	427	209	436	344	265	569	358	729	501	675	284	620	252	637	403	594	743	845	866	1000	672	761	457	457	417	239	434	97	443	64	430	156	389	235	331	294	260	315	214	330	166	320	144	313	135	299	126
64	170	1	2	119	0	1953125	12	0.0	0	0.95	0	0	V0.2	0	0	292	244	296	247	299	248	302	251	296	249	290	256	281	254	262	263	249	273	228	284	202	300	187	322	157	346	138	356	150	358	169	378	189	384	267	346	307	236	388	122	464	51	477	286	619	422	781	346	538	386	406	573	371	617	545	901	668	1000	505	832	314	563	66	409	193	365	300	266	353	187	392	124	391	100	373	128	348	164	308	185	275	208	243	221	211
64	170	1	2	119	0	1953125	12	0.0	0	0.95	0	0	V0.2	0	0	241	276	240	281	235	287	236	291	226	288	223	291	219	281	211	275	220	264	222	243	241	237	259	207	282	185	325	169	335	137	356	104	413	99	363	166	323	293	275	361	238	420	30	552	194	711	420	652	264	503	367	432	561	363	858	607	1000	701	714	472	576	205	461	16	392	147	333	264	286	320	207	350	154	358	113	342	122	326	144	292	162	267	183	237	193
64	170	1	2	119	0	1953125	12	0.0	0	0.95	0	0	V0.2	0	0	220	271	223	271	221	276	228	274	223	267	227	263	230	248	228	236	243	222	246	195	266	182	283	148	301	130	332	126	325	139	328	172	360	210	298	268	256	358	150	395	78	402	242	491	394	644	533	518	389	365	475	249	638	289	907	510	1000	607	819	387	623	153	422	169	301	291	208	356	132	381	63	373	94	349	145	306	184	274	215	227	226	194	239	164	239
64	170	1	2	119	0	1953125	12	0.0	0	0.95	0	0	V0.2	0	0	221	271	225	271	220	277	224	278	219	271	219	270	223	256	218	247	230	233	235	211	252	198	271	167	290	145	324	135	319	126	341	132	380	156	322	226	288	326	207	378	128	412	167	532	280	627	467	557	367	447	443	296	595	246	820	498	999	631	859	452	628	159	466	99	352	229	270	315	196	356	114	368	88	357	109	324	148	295	182	257	199	224	216	192	222
64	170	1	2	119	0	1953125	12	0.0	0	0.95	0	0	V0.2	0	0	262	289	260	297	256	304	256	308	246	305	237	311	235	299	224	294	232	282	231	264	250	255	269	229	292	210	333	194	345	147	379	116	440	98	390	151	366	275	300	358	274	431	28	555	149	701	366	643	263	570	314	419	575	425	838	583	1000	759	788	497	638	247	502	9	436	148	380	267	311	335	230	374	168	384	122	365	130	350	151	314	167	285	193	253	203
64	170	1	2	119	0	1953125	12	0.0	0	0.95	0	0	V0.2	0	0	72	13	66	18	67	30	55	28	46	34	40	38	37	30	45	41	47	34	58	57	58	66	63	100	68	135	72	145	43	179	66	209	142	228	180	200	211	180	244	159	289	190	270	425	420	560	563	478	390	415	284	372	508	420	816	665	1000	877	817	607	580	418	344	285	222	306	167	255	167	220	190	162	174	126	167	92	141	84	115	80	96	84	74	81	72
64	170	1	2	119	0	1953125	12	0.0	0	0.95	0	0	V0.2	0	0	206	244	202	246	199	255	204	253	196	250	198	247	200	234	198	225	213	209	212	190	229	180	245	148	266	132	289	124	285	109	319	98	371	142	304	247	218	341	107	367	102	380	103	469	223	612	359	471	237	333	294	165	401	198	801	493	1000	673	832	421	599	144	412	90	326	178	252	265	192	318	118	332	83	327	92	299	123	276	154	242	172	213	189	182	195
64	170	1	2	119	0	1953125	12	0.0	0	0.95	0	0	V0.2	0	0	206	244	202	246	199	255	204	253	196	250	198	247	200	234	198	225	213	209	212	190	229	180	245	148	266	132	289	124	285	109	319	98	371	142	304	247	218	341	107	367	102	380	103	469	223	612	359	471	237	333	294	165	401	198	801	493	1000	673	832	421	599	144	412	90	326	178	252	265	192	318	118	332	83	327	92	299	123	276	154	242	172	213	189	182	195
64	170	1	2	119	0	1953125	12	0.0	0	0.95	0	0	V0.2	0	0	296	276	295	280	291	293	291	298	277	300	266	309	250	306	231	313	224	315	202	317	193	323	201	322	203	329	225	328	268	286	336	267	376	236	402	168	424	82	443	124	527	301	372	630	428	713	525	520	351	543	190	721	488	752	741	839	783	1000	660	799	395	499	359	301	410	166	450	46	446	114	412	205	363	266	294	296	253	317	203	312	172	314	151	304	133
64	170	1	2	119	0	1953125	12	0.0	0	0.95	0	0	V0.2	0	0	293	279	294	285	291	292	288	302	272	305	262	314	247	310	230	316	220	315	206	313	202	320	211	316	222	312	245	313	278	271	343	240	399	208	419	132	443	78	455	216	453	352	235	584	315	646	456	594	305	583	153	592	390	600	872	927	934	1000	678	863	480	462	405	264	436	119	437	63	442	146	397	231	340	287	276	311	234	332	188	322	161	317	146	307	136
64	170	1	2	119	0	1953125	12	0.0	0	0.95	0	0	V0.2	0	0	245	247	242	250	236	263	234	267	223	268	214	279	199	275	186	277	185	273	174	264	186	262	204	249	214	251	247	235	279	181	319	161	370	123	380	82	352	156	334	244	347	317	165	544	227	665	348	599	291	583	221	487	345	394	628	849	1000	943	702	650	446	340	407	141	396	26	373	95	363	187	310	242	262	288	199	300	159	302	130	291	117	278	119	261	124
64	170	1	2	119	0	1953125	12	0.0	0	0.95	0	0	V0.2	0	0	243	238	243	243	239	251	234	261	223	261	216	268	202	265	191	266	182	266	173	262	178	258	187	256	198	256	216	252	252	205	294	185	330	158	371	79	379	142	307	160	399	267	246	556	259	583	298	501	218	476	158	517	390	563	730	662	767	1000	768	758	405	352	305	194	376	66	385	67	371	149	322	211	279	261	220	280	180	296	141	278	122	274	119	259	115
64	170	1	2	119	0	1953125	12	0.0	0	0.95	0	0	V0.2	0	0	247	258	240	258	235	275	234	277	218	278	217	286	200	276	192	281	193	273	182	267	200	262	218	243	237	240	270	215	302	165	344	121	406	82	385	63	409	200	310	300	344	340	172	625	313	706	270	588	286	613	285	448	461	558	840	755	999	906	751	667	569	352	403	118	424	50	384	142	364	247	283	282	241	331	165	321	124	327	119	307	110	283	130	265	143
64	170	1	2	119	0	1953125	12	0.0	0	0.95	0	0	V0.2	0	0	66	3	60	5	63	21	49	25	49	30	41	38	36	28	45	40	45	31	63	50	65	59	72	85	70	118	69	123	59	169	68	171	105	165	149	152	160	152	212	127	249	192	317	389	426	500	500	374	319	384	439	547	530	464	766	773	1000	679	581	546	541	343	260	172	190	247	152	221	143	203	151	156	151	123	142	90	129	78	109	70	91	72	74	73	65
64	170	1	2	119	0	1953125	12	0.0	0	0.95	0	0	V0.2	0	0	260	244	258	242	246	254	255	266	231	263	223	282	211	273	186	281	188	289	163	277	157	297	177	287	174	288	215	284	259	225	299	232	379	146	403	119	414	90	394	204	431	342	327	550	336	560	425	633	232	479	194	781	524	777	727	1000	848	720	465	845	515	418	291	274	391	86	386	11	403	118	372	194	307	237	269	280	203	275	170	290	138	279	110	269	112
64	170	1	2	119	0	1953125	12	0.0	6229	2.09	0	0	V0.2	0	0	37	31	36	34	31	33	26	20	27	24	23	18	24	28	9	16	25	25	17	30	51	28	23	35	47	60	85	18	44	110	94	89	54	299	198	124	154	266	406	177	89	236	327	556	325	209	410	224	370	809	808	874	721	658	1000	758	545	217	581	769	501	138	242	259	173	142	114	45	35	52	43	25	9	33	14	20	1	7	6	23	3	4	1	15	6
64	170	1	2	119	0	1953125	12	0.0	6061	2.06	0	0	V0.2	0	0	46	23	61	44	44	26	52	38	44	34	58	40	43	33	57	29	49	41	71	26	63	44	75	33	101	88	126	3	103	117	185	56	100	87	179	70	78	31	81	60	227	260	359	284	358	414	384	272	176	359	367	321	100	494	874	1000	794	440	171	168	223	285	257	187	163	99	140	118	130	60	98	82	103	65	110	75	86	44	87	67	76	58	82	62	52
64	170	1	2	119	0	1953125	12	0.0	54	1.03	0	0	V0.2	0	0	233	207	190	190	197	189	143	137	154	137	87	85	101	89	47	85	113	100	104	144	171	176	172	216	252	238	233	240	300	296	259	249	352	266	315	254	346	245	432	118	356	346	325	371	156	483	227	142	292	288	418	284	354	715	729	1000	335	513	250	562	281	275	366	161	247	249	250	221	210	236	228	203	178	176	181	140	145	124	125	94	74	69	61	51	24
64	170	1	2	119	0	1953125	12	0.0	129	1.04	0	0	V0.2	0	0	42	127	55	115	78	109	87	93	106	83	112	79	123	81	126	104	119	129	127	163	119	203	129	224	132	267	138	276	164	310	172	348	287	408	258	432	394	504	429	544	418	537	551	799	734	785	773	840	806	836	875	905	725	967	1000	909	890	815	913	928	834	671	657	591	531	506	472	401	365	333	332	284	299	252	266	204	243	184	207	162	195	147	162	140	148
64	170	1	2	119	0	1953125	12	0.0	0	0.33	0	0	V0.2	0	0	14	16	18	14	14	17	14	14	11	9	10	8	6	3	4	1	5	10	16	22	26	32	35	40	52	66	66	54	72	72	125	111	173	167	200	233	284	264	315	226	197	259	216	358	388	363	258	475	458	747	685	688	745	1000	707	552	508	685	847	694	573	456	350	357	260	256	209	194	162	151	141	143	122	116	100	92	88	81	72	62	54	50	44	40	36
64	170	1	2	119	0	1953125	12	0.0	7554	2.32	0	0	V0.2	0	0	30	28	30	31	28	22	26	37	27	15	13	23	22	9	8	20	14	10	19	24	13	14	15	33	59	53	74	18	64	57	88	44	111	51	149	159	282	62	36	227	147	87	122	213	211	78	269	44	180	379	60	535	438	556	432	941	1000	267	378	351	204	61	114	133	94	67	66	77	99	20	8	12	60	61	32	24	28	32	18	8	16	19	16	9	26
64	170	2	2	119	0	1953125	12	0.0	7953	2.38	0	0	V0.2	0	0	66	36	56	34	49	36	35	36	25	36	12	27	20	11	26	13	22	34	20	52	9	66	41	29	63	52	62	43	87	68	66	113	131	40	123	247	175	311	159	207	136	89	309	317	375	345	161	172	68	336	616	910	1000	770	639	384	411	230	242	82	61	165	174	124	146	89	63	65	102	91	42	5	82	27	64	42	58	41	47	22	5	43	16	13	22
64	170	2	2	119	0	1953125	12	0.0	7641	2.33	0	0	V0.2	0	0	92	88	62	127	56	80	53	79	59	49	25	65	31	44	8	74	54	29	56	97	40	84	86	94	120	58	114	158	102	104	207	56	206	297	141	338	439	246	319	380	129	207	324	230	433	540	370	481	285	441	659	673	900	1000	883	974	960	649	492	337	244	445	265	271	260	184	65	200	136	105	138	39	143	103	68	22	72	77	76	9	47	53	38	3	14
64	170	2	2	119	0	1953125	12	0.0	0	0.67	0	0	V0.2	0	0	103	95	89	102	89	110	105	95	93	96	93	96	83	98	93	87	86	101	82	94	104	75	87	91	78	112	115	126	79	89	153	104	185	171	68	126	159	93	170	210	271	46	128	25	147	70	159	232	77	261	320	163	665	304	647	1000	166	243	289	166	223	156	160	136	43	24	62	88	95	38	92	103	87	102	109	108	93	122	124	133	124	143	141	149	157
64	170	2	2	119	0	1953125	12	0.0	0	0.36	0	0	V0.2	0	0	7	11	13	12	14	14	13	12	10	7	5	4	5	9	11	14	18	17	23	21	24	29	30	19	23	31	19	15	19	10	23	35	28	11	52	20	82	153	104	126	265	229	181	407	289	302	157	304	393	573	693	357	486	1000	889	905	916	664	825	385	292	277	229	215	54	58	39	12	34	22	29	37	24	29	19	29	28	35	30	27	27	26	20	17	16
64	170	2	2	119	0	1953125	12	0.0	244	1.06	0	0	V0.2	0	0	18	44	33	48	40	26	42	4	60	20	29	35	49	24	18	57	20	44	43	40	66	65	74	27	101	37	58	104	180	82	48	190	191	75	38	268	210	189	121	335	427	641	354	110	286	578	343	110	538	626	266	342	809	1000	765	556	425	116	480	772	936	672	291	16	228	128	39	142	194	66	115	108	107	79	88	70	40	65	19	62	48	49	28	59	45
64	170	2	2	119	0	1953125	12	0.0	0	0.72	0	0	V0.2	0	0	316	290	292	319	303	278	308	320	282	282	316	296	262	298	317	274	274	324	298	248	293	326	256	242	300	295	211	314	341	243	208	438	298	154	303	686	535	175	571	813	449	239	757	829	265	134	959	939	310	96	909	1000	426	363	820	626	936	652	742	140	540	463	289	116	268	330	236	173	295	305	257	262	308	251	282	304	276	227	271	293	246	227	274	261	215
64	170	2	2	119	0	1953125	12	0.0	0	0.76	0	0	V0.2	0	0	243	220	235	243	213	233	234	208	236	236	211	242	233	205	247	230	199	230	213	186	216	194	193	202	193	225	219	202	274	207	154	319	296	117	326	326	75	438	381	46	378	548	99	270	456	183	325	386	403	326	500	408	540	642	472	1000	985	551	428	450	89	386	282	93	209	280	161	264	281	140	219	221	170	220	217	159	221	210	174	233	203	165	212	178	158
64	170	2	2	119	0	1953125	12	0.0	0	0.53	0	0	V0.2	0	0	6	16	24	25	18	8	17	27	29	22	9	15	29	33	28	15	14	29	37	37	24	23	37	52	63	53	26	37	49	92	134	104	97	102	137	231	182	157	178	143	213	246	344	493	363	464	470	279	431	520	811	1000	860	442	480	397	496	968	777	438	120	148	98	103	191	214	140	115	44	34	79	86	80	64	29	32	51	57	45	23	12	31	44	42	28
64	170	2	2	119	0	1953125	12	0.0	0	0.75	0	0	V0.2	0	0	29	5	36	34	2	31	32	4	29	34	13	26	36	27	28	29	32	42	30	28	47	22	26	53	33	19	57	57	11	31	42	79	109	162	156	177	152	50	242	341	342	326	384	225	253	318	360	579	698	785	665	400	539	999	997	564	345	371	372	247	281	356	331	250	178	166	87	18	97	130	86	54	83	79	47	59	64	42	38	41	37	47	39	28	43
64	170	2	2	119	0	1953125	12	0.0	0	0.73	0	0	V0.2	0	0	18	7	26	23	7	18	21	13	20	18	13	20	17	12	27	23	12	24	24	12	25	23	13	27	24	31	52	32	3	44	63	31	73	74	15	109	61	78	93	90	171	154	106	347	255	185	349	276	192	204	614	534	466	426	523	762	999	658	477	358	200	42	106	156	140	90	19	147	95	40	95	95	37	55	84	47	18	55	50	17	31	44	32	20	28
64	170	2	2	119	0	1953125	12	0.0	0	0.77	0	0	V0.2	0	0	43	27	27	43	24	20	38	23	8	27	21	21	20	25	36	21	26	38	20	28	44	31	51	51	38	84	67	48	115	109	40	115	202	153	198	282	194	215	295	278	297	396	233	207	220	276	177	342	286	370	353	438	324	72	737	997	1000	487	388	523	602	435	420	445	312	166	204	218	155	139	94	55	75	43	17	66	55	24	68	62	24	51	59	30	42
64	170	2	2	119	0	1953125	12	0.0	0	0.74	0	0	V0.2	0	0	210	230	206	217	236	208	219	238	208	218	236	200	215	236	193	207	228	182	201	228	165	197	235	156	202	235	143	226	276	142	259	377	120	299	392	293	263	561	309	195	400	435	311	586	526	220	332	511	187	480	937	661	397	228	214	296	1000	944	740	326	393	68	345	205	155	188	146	116	211	181	156	234	181	186	232	195	184	239	197	162	208	177	144	179	151
64	170	2	2	119	0	1953125	12	0.0	0	0.95	0	0	V0.2	0	0	51	13	45	19	39	25	30	25	25	24	33	37	20	27	33	29	33	38	30	29	48	65	45	83	37	87	16	111	76	101	59	89	114	176	262	202	178	127	312	470	583	542	372	198	41	300	442	469	439	279	250	637	722	777	1000	935	863	306	5	187	213	249	227	243	142	135	112	195	158	95	106	88	123	57	100	65	70	40	68	65	40	46	42	52	32
64	170	2	2	119	0	1953125	12	0.0	0	0.72	0	0	V0.2	0	0	33	13	47	43	8	31	48	25	15	42	37	12	28	38	33	22	32	50	45	18	53	63	24	42	95	77	18	88	88	31	48	122	95	62	229	200	87	169	306	305	240	220	244	318	283	470	349	345	365	610	634	559	671	703	408	599	861	1000	843	228	143	214	366	293	100	144	200	179	93	171	181	95	61	134	130	48	66	103	62	15	74	71	19	44	65
64	170	2	2	119	0	1953125	12	0.0	0	0.95	0	0	V0.2	0	0	55	12	52	22	48	36	33	36	32	38	26	39	28	34	30	37	37	37	45	57	43	60	47	100	60	133	49	84	31	170	174	226	254	105	90	151	318	315	395	350	335	330	235	194	170	460	406	523	511	552	662	420	151	256	650	868	1000	811	528	378	158	111	212	327	331	376	254	178	117	146	189	129	159	74	120	70	114	84	81	68	66	75	49	57	50
64	170	2	2	119	0	1953125	12	0.0	264	1.06	0	0	V0.2	0	0	13	42	1	33	22	32	18	17	28	7	25	19	28	17	21	32	4	30	23	30	43	39	39	16	71	25	39	29	50	54	86	92	83	72	83	51	33	32	46	157	167	155	84	260	261	297	183	344	393	337	573	734	837	653	167	551	1000	898	583	377	354	360	357	237	78	64	89	24	67	109	107	61	59	70	44	34	10	42	16	39	27	36	26	16	29
64	170	2	2	119	0	1953125	12	0.0	219	1.06	0	0	V0.2	0	0	24	47	6	41	18	53	3	32	25	59	13	20	42	50	20	8	58	35	35	19	83	30	60	18	89	16	54	37	100	36	141	81	121	57	49	49	33	109	138	142	269	265	376	151	62	256	574	458	344	447	677	603	356	227	764	925	999	712	678	552	445	334	187	236	117	47	109	140	73	75	128	170	77	57	67	99	24	37	57	61	22	52	52	37	21
64	170	2	2	119	0	1953125	12	0.0	0	0.75	0	0	V0.2	0	0	188	215	223	190	210	228	193	199	226	197	184	224	203	174	218	213	169	206	215	165	186	207	177	177	207	180	163	191	177	170	223	212	196	211	272	179	209	193	142	168	228	284	58	297	283	112	268	679	508	420	726	742	588	887	874	827	1000	503	375	348	409	255	129	328	264	27	194	281	130	152	280	196	133	236	226	142	211	223	147	182	207	140	150	193	143
