34928	35048	35167	35286	35405	35524	35644	35763	35882	36001	36120	36240	36359	36478	36597	36716	36836	36955	37074	37193	37313	37432	37551	37670	37789	37909	38028	38147	38266	38385	38505	38624	38743	38862	38981	39101	39220	39339	39458	39577	39697	39816	39935	40054	40174	40293	40412	40531	40650	40770	40889	41008	41127	41246	41366	41485	41604	41723	41842	41962	42081	42200	42319	42439	42558	42677	42796	42915	43035	43154	43273	43392	43511	43631	43750	43869	43988	44107	44227	44346	44465	44584	44703	44823	44942
64	170	1	2	119	0	1953125	12	0.0	0	0.95	0	0	V0.2	0	0	227	263	229	264	227	267	234	269	233	263	236	263	243	251	241	240	252	227	254	206	263	195	269	167	280	152	295	150	282	162	280	186	301	204	252	271	219	352	123	413	96	396	131	404	194	436	305	398	189	235	298	80	495	282	873	542	1000	557	834	364	586	169	387	203	242	275	147	314	88	317	69	303	107	285	144	253	177	227	203	195	214	169	227	147	226
64	170	1	2	119	0	1953125	12	0.0	0	0.95	0	0	V0.2	0	0	55	20	45	25	42	33	30	36	27	36	22	39	22	32	25	38	30	35	33	54	34	64	29	90	30	109	38	111	59	126	104	125	141	126	182	106	182	128	208	136	163	100	92	221	193	322	397	435	345	349	397	416	579	647	1000	772	861	698	584	392	331	244	194	181	113	199	130	170	142	147	163	110	144	90	135	77	102	78	85	75	69	80	57	67	54
64	170	1	2	119	0	1953125	12	0.0	0	0.95	0	0	V0.2	0	0	57	19	51	29	43	35	34	33	28	37	22	35	24	33	27	37	31	33	38	56	41	69	37	98	24	106	31	120	58	127	93	137	140	128	178	131	202	205	316	225	204	162	209	371	355	466	366	292	177	176	118	144	490	568	1000	803	823	734	831	735	558	329	171	196	142	241	167	184	152	148	178	113	151	84	135	80	113	86	87	77	64	79	58	73	55
64	170	1	2	119	0	1953125	12	0.0	0	0.95	0	0	V0.2	0	0	57	19	51	29	43	35	34	33	28	37	22	35	24	33	27	37	31	33	38	56	41	69	37	98	24	106	31	120	58	127	93	137	140	128	178	131	202	205	316	225	204	162	209	371	355	466	366	292	177	176	118	144	490	568	1000	803	823	734	831	735	558	329	171	196	142	241	167	184	152	148	178	113	151	84	135	80	113	86	87	77	64	79	58	73	55
64	170	1	2	119	0	1953125	12	0.0	0	0.95	0	0	V0.2	0	0	59	6	58	13	55	25	43	27	38	34	31	31	30	29	36	33	40	31	45	46	46	49	48	75	48	96	42	104	29	146	72	158	102	172	156	135	132	161	260	171	244	119	185	251	298	409	489	421	245	231	188	426	678	669	1000	849	936	803	824	644	566	348	303	218	177	233	162	223	142	192	165	152	147	121	152	87	127	83	112	73	88	81	72	72	64
64	170	1	2	119	0	1953125	12	0.0	0	0.95	0	0	V0.2	0	0	222	255	223	254	225	258	227	258	227	257	230	257	233	246	235	238	242	224	242	207	257	192	261	164	269	156	284	145	274	161	275	191	270	204	259	276	196	334	135	412	90	360	107	368	163	494	343	384	208	290	193	134	464	250	1000	505	840	474	787	258	481	122	391	172	226	235	154	302	102	296	65	298	105	277	138	240	166	225	196	188	200	168	215	149	215
64	170	1	2	119	0	1953125	12	0.0	99	1.04	0	0	V0.2	0	0	44	51	50	40	55	30	53	14	55	4	49	22	43	39	37	55	23	60	24	69	38	72	64	83	90	85	123	65	132	72	149	49	159	96	157	38	186	79	172	76	187	104	161	152	295	225	293	367	425	477	628	705	691	674	965	768	1000	694	702	735	759	547	559	427	413	240	284	203	231	132	176	130	133	114	128	101	86	112	90	86	70	95	63	72	74
64	170	2	2	119	0	1953125	12	0.0	134	1.04	0	0	V0.2	0	0	88	32	78	22	84	19	68	11	70	10	46	33	44	38	26	59	12	67	21	73	36	84	54	90	101	118	117	91	132	152	167	154	136	234	161	219	121	132	73	52	190	56	122	152	211	92	285	433	546	382	591	904	1000	764	746	647	961	918	713	668	705	906	603	547	402	473	259	278	161	239	108	152	109	141	89	120	97	96	81	96	77	66	75	75	67
64	170	2	2	119	0	1953125	12	0.0	0	1.00	0	0	V0.2	0	0	7	46	14	42	8	44	15	39	24	31	13	35	26	32	11	40	25	38	2	41	5	44	17	85	27	63	24	86	34	80	78	114	111	132	191	215	232	153	264	220	192	36	213	217	193	169	146	292	199	227	131	454	618	856	1000	916	772	325	158	458	463	399	287	123	192	142	123	65	151	150	96	73	73	107	53	76	54	89	25	52	45	65	29	54	57
64	170	2	2	119	0	1953125	12	0.0	0	0.51	0	0	V0.2	0	0	16	8	4	12	19	21	20	15	13	21	27	30	24	18	16	28	42	41	41	31	29	38	51	67	66	37	22	41	79	92	69	128	133	67	197	176	194	232	344	446	366	492	644	508	359	352	530	623	527	604	553	579	704	806	791	1000	566	159	257	466	238	126	164	234	151	130	63	8	42	77	61	61	44	22	35	54	55	47	27	8	26	44	58	50	33
64	170	2	2	119	0	1953125	12	0.0	0	0.50	0	0	V0.2	0	0	8	16	21	20	13	9	14	23	25	22	16	12	20	28	30	29	19	13	25	40	46	49	37	30	32	60	62	74	66	36	34	47	69	52	81	58	6	55	86	202	102	235	368	316	426	620	540	502	523	524	675	925	910	1000	663	783	528	534	446	100	133	117	64	47	35	63	76	56	33	15	9	33	56	63	58	36	17	27	39	51	48	35	17	11	28
64	170	2	2	119	0	1953125	12	0.0	0	0.55	0	0	V0.2	0	0	24	35	32	13	7	27	36	32	15	12	35	47	40	11	21	49	59	42	16	28	70	85	90	57	44	89	146	142	155	166	174	153	278	242	393	392	415	487	701	413	868	900	933	778	1000	565	527	482	661	627	330	499	638	706	129	812	791	794	809	846	955	481	435	172	43	168	245	210	217	111	30	54	127	98	72	21	46	67	57	35	31	56	59	55	34
64	170	2	2	119	0	1953125	12	0.0	0	0.55	0	0	V0.2	0	0	9	16	22	23	15	12	20	26	24	16	16	25	31	28	21	20	32	37	35	23	23	30	40	41	35	25	31	50	55	56	37	66	54	130	119	182	223	250	237	257	261	270	317	371	206	390	168	472	160	407	371	641	640	964	1000	738	743	446	517	444	160	38	88	57	145	142	142	99	56	68	79	84	76	50	37	43	55	49	35	18	26	38	38	26	12
64	170	2	2	119	0	1953125	12	0.0	0	0.59	0	0	V0.2	0	0	19	8	20	31	23	11	22	35	31	16	23	38	39	25	23	47	53	42	31	59	74	71	56	72	112	116	83	81	103	136	137	101	136	97	96	120	160	172	240	56	188	131	297	469	400	745	487	810	860	744	780	957	877	1000	332	673	866	797	886	441	512	520	504	295	196	80	201	217	199	116	72	141	169	137	68	83	117	114	66	39	82	102	79	33	60
64	170	2	2	119	0	1953125	12	0.0	0	0.64	0	0	V0.2	0	0	18	27	18	9	24	29	19	17	31	31	16	22	35	30	14	31	45	32	25	42	52	39	27	58	78	53	40	51	81	73	18	95	156	127	75	100	148	209	277	416	376	360	333	360	331	365	376	567	448	405	333	449	291	327	193	783	1000	779	687	541	604	372	173	139	214	185	65	20	76	106	52	23	73	89	54	28	64	71	39	21	55	55	23	23	50
64	170	2	2	119	0	1953125	12	0.0	0	0.64	0	0	V0.2	0	0	18	27	18	9	24	29	19	17	31	31	16	22	35	30	14	31	45	32	25	42	52	39	27	58	78	53	40	51	81	73	18	95	156	127	75	100	148	209	277	416	376	360	333	360	331	365	376	567	448	405	333	449	291	327	193	783	1000	779	687	541	604	372	173	139	214	185	65	20	76	106	52	23	73	89	54	28	64	71	39	21	55	55	23	23	50
64	170	2	2	119	0	1953125	12	0.0	0	0.67	0	0	V0.2	0	0	25	27	11	18	30	24	4	23	31	15	11	30	29	7	20	33	21	6	32	37	26	13	39	41	14	17	16	24	13	21	35	7	75	140	133	114	169	360	357	332	249	342	195	321	479	369	125	119	152	263	200	276	709	873	1000	729	456	244	557	134	123	272	282	174	19	93	75	68	53	72	43	7	46	61	36	23	37	31	12	24	31	18	5	16	16
64	170	2	2	119	0	1953125	12	0.0	0	0.79	0	0	V0.2	0	0	42	35	19	37	30	2	24	16	12	24	8	16	18	2	15	9	9	11	18	21	7	53	67	31	44	54	44	53	68	79	148	165	217	341	238	153	235	324	375	375	291	127	201	460	337	437	421	501	337	536	161	700	643	590	778	718	1000	631	641	529	393	201	192	236	144	107	178	129	100	122	119	101	117	93	23	50	54	11	46	45	2	29	27	19	24
64	170	2	2	119	0	1953125	12	0.0	0	0.71	0	0	V0.2	0	0	30	34	11	20	37	26	6	33	38	14	20	35	25	12	29	38	30	22	33	37	32	17	27	39	16	40	83	79	48	31	110	117	119	181	140	19	153	237	142	187	283	314	293	345	173	173	52	268	326	623	414	333	707	503	951	1000	511	432	231	252	327	303	69	82	63	171	154	89	120	122	73	48	100	87	29	41	77	63	20	50	58	31	21	53	47
64	170	2	2	119	0	1953125	12	0.0	0	0.72	0	0	V0.2	0	0	12	29	35	18	18	30	22	23	37	31	25	35	31	22	32	32	30	39	41	41	54	53	51	61	52	55	96	107	85	109	142	114	42	57	124	86	235	325	221	278	379	617	568	369	230	291	159	382	511	452	491	562	802	999	932	610	769	760	628	614	473	416	456	381	308	218	83	145	163	140	95	138	151	92	79	109	74	28	64	74	41	37	60	53	35
64	170	2	2	119	0	1953125	12	0.0	0	0.73	0	0	V0.2	0	0	25	25	4	18	23	12	20	28	21	18	22	17	20	25	20	25	29	21	28	32	18	27	40	32	52	85	53	50	87	91	75	113	144	101	156	257	239	198	286	282	122	206	153	119	327	462	461	403	365	504	434	334	161	504	1000	872	337	752	573	289	343	214	270	200	156	199	144	92	78	124	118	57	53	66	33	32	65	51	12	38	43	18	21	29	19
64	170	2	2	119	0	1953125	12	0.0	0	0.71	0	0	V0.2	0	0	36	7	26	42	28	8	34	36	12	20	37	30	18	30	38	29	13	33	40	25	18	49	46	23	45	91	84	12	61	109	80	103	183	167	76	204	359	329	203	30	137	243	191	201	177	420	448	894	1000	785	792	944	788	471	200	390	114	153	128	642	626	429	205	104	75	137	27	55	63	23	21	76	90	43	47	85	68	13	39	62	31	21	56	50	13
64	170	2	2	119	0	1953125	12	0.0	0	0.71	0	0	V0.2	0	0	175	201	211	178	199	230	199	195	232	209	190	233	224	184	221	235	181	196	235	187	172	218	172	134	211	193	131	169	228	158	79	222	170	132	269	257	41	432	308	184	292	570	491	49	409	493	312	421	595	324	521	1000	959	686	544	547	650	671	369	95	292	169	104	218	383	358	54	175	230	172	91	190	144	105	182	172	120	162	175	118	148	176	133	144	178
64	170	2	2	119	0	1953125	12	0.0	0	0.74	0	0	V0.2	0	0	17	9	26	22	2	15	15	3	16	19	12	14	12	14	17	11	17	25	14	18	41	34	10	25	23	26	54	50	31	46	56	9	65	39	14	67	142	156	137	226	294	268	63	166	282	347	105	209	108	271	534	195	325	410	397	583	1000	667	219	322	340	414	371	257	196	171	219	182	123	120	139	95	51	65	60	32	42	42	19	27	36	22	24	26	14
64	170	2	2	119	0	1953125	12	0.0	0	0.72	0	0	V0.2	0	0	191	170	178	196	175	178	205	185	172	198	183	165	194	184	150	180	182	144	174	179	151	166	175	133	166	216	150	158	193	144	149	223	153	104	246	314	73	273	360	105	100	139	210	156	365	493	81	235	451	298	722	876	208	421	650	702	1000	625	216	126	390	340	248	322	139	124	251	261	92	137	230	152	74	191	167	75	171	173	89	142	163	98	134	169	115
64	170	2	2	119	0	1953125	12	0.0	0	0.72	0	0	V0.2	0	0	171	155	169	173	152	164	176	155	160	172	149	152	174	152	145	171	156	142	173	160	147	169	160	125	168	190	129	163	171	102	173	197	57	171	216	176	74	297	262	30	136	139	110	299	405	330	58	202	284	136	553	494	184	304	557	753	1000	500	216	233	362	139	227	217	11	189	220	157	86	162	165	89	111	161	113	99	163	127	87	143	132	89	137	139	92
64	170	2	2	119	0	1953125	12	0.0	0	0.73	0	0	V0.2	0	0	166	174	158	168	178	163	174	184	161	167	179	161	164	177	152	157	175	151	153	174	151	143	163	137	159	171	160	141	158	159	150	175	80	196	208	138	98	308	122	104	164	169	77	460	477	155	114	227	121	164	526	204	51	414	592	836	1000	440	189	423	162	129	296	118	157	264	166	63	137	177	67	116	161	98	111	171	127	110	157	127	113	156	131	109	143
64	170	2	2	119	0	1953125	12	0.0	0	0.75	0	0	V0.2	0	0	24	14	8	23	17	1	18	18	9	21	23	10	12	15	15	14	17	23	22	16	32	32	11	17	32	23	33	57	39	16	51	24	88	83	55	49	65	118	15	98	162	116	257	561	479	249	58	190	112	359	422	93	158	473	734	1000	658	301	401	451	182	48	190	173	156	106	99	58	33	88	91	52	38	60	47	19	22	21	19	25	20	21	25	16	16
64	170	2	2	119	0	1953125	12	0.0	0	0.82	0	0	V0.2	0	0	34	12	33	43	6	47	43	7	37	26	24	23	40	47	15	35	45	39	28	42	78	41	37	88	43	28	16	42	75	50	78	126	60	141	268	253	273	266	250	329	217	242	512	653	207	229	515	678	446	525	610	613	380	765	576	629	488	475	999	869	340	187	280	213	183	85	35	137	18	148	184	106	77	95	62	37	24	86	79	3	75	82	31	32	52
64	170	2	2	119	0	1953125	12	0.0	0	0.83	0	0	V0.2	0	0	34	12	33	43	6	47	43	7	37	26	24	23	40	47	15	35	45	39	28	42	78	41	37	88	43	28	16	42	75	50	78	126	60	141	268	253	273	266	250	329	217	242	512	653	207	229	515	678	446	525	610	613	380	765	576	629	488	475	999	869	340	187	280	213	183	85	35	137	18	148	184	106	77	95	62	37	24	86	79	3	75	82	31	32	52
64	170	2	2	119	0	1953125	12	0.0	0	0.71	0	0	V0.2	0	0	36	14	26	39	27	10	32	30	7	22	35	27	10	17	28	23	10	26	36	26	10	50	62	47	16	52	45	33	54	74	54	65	200	135	141	138	247	272	235	250	108	64	357	332	349	416	669	733	552	562	903	587	291	762	359	831	1000	650	801	633	436	274	138	149	253	221	106	71	173	133	85	74	107	76	22	33	59	39	20	56	48	16	34	48	26
64	170	2	2	119	0	1953125	12	0.0	0	0.74	0	0	V0.2	0	0	175	163	164	177	160	162	181	163	162	177	162	166	181	161	161	180	159	164	172	148	157	173	133	137	163	120	170	182	113	165	170	106	155	165	139	257	273	78	264	417	236	285	459	361	36	201	144	145	469	571	278	501	891	999	544	362	754	576	430	340	406	247	172	104	229	170	80	113	98	129	154	126	116	157	130	144	158	117	133	159	122	126	144	107	119
64	170	2	2	119	0	1953125	12	0.0	0	0.79	0	0	V0.2	0	0	144	177	170	152	189	163	159	191	155	169	180	139	182	171	143	194	159	152	191	130	164	181	108	182	165	87	215	184	108	211	184	86	180	91	178	307	86	222	207	44	324	284	56	304	214	180	274	261	219	325	364	523	639	502	1000	911	370	319	109	311	387	72	222	290	88	163	267	98	147	171	55	165	145	112	169	103	128	167	93	144	154	91	145	127	94
64	170	2	2	119	0	1953125	12	0.0	0	0.70	0	0	V0.2	0	0	157	135	140	158	141	132	154	147	124	144	156	128	131	156	138	122	153	149	117	146	159	118	136	171	138	117	173	171	113	148	180	159	131	145	144	154	80	142	272	125	179	235	55	215	342	85	154	186	363	357	484	546	629	697	867	713	753	1000	579	289	320	50	237	195	52	139	124	83	162	138	55	116	142	63	100	143	94	71	127	119	78	112	122	89	100
64	170	2	2	119	0	1953125	12	0.0	0	0.68	0	0	V0.2	0	0	225	257	253	219	244	264	231	221	262	253	212	242	268	229	214	267	258	195	240	281	219	193	282	280	173	232	301	232	158	253	316	151	156	386	346	14	321	269	220	157	299	300	26	172	278	357	109	594	720	443	499	950	708	354	677	597	809	847	999	879	267	495	450	139	152	323	363	125	113	252	230	82	173	245	150	91	206	208	103	155	221	154	114	196	191
64	170	2	2	119	0	1953125	12	0.0	0	0.66	0	0	V0.2	0	0	80	101	77	58	91	97	62	65	100	88	54	83	102	72	52	97	101	52	68	105	90	38	86	118	67	41	114	120	57	39	84	146	52	85	194	221	77	80	174	268	229	381	509	457	490	476	356	237	61	286	554	765	694	602	302	354	1000	600	304	428	326	56	100	231	346	231	75	202	238	153	32	142	171	102	47	146	153	82	71	135	125	62	91	132	99
64	170	2	2	119	0	1953125	12	0.0	7713	2.34	0	0	V0.2	0	0	42	24	3	18	39	26	3	18	26	19	6	10	33	14	12	37	34	17	23	46	38	17	24	39	48	33	49	57	79	112	45	158	49	104	56	159	222	106	34	148	86	196	145	149	341	148	134	344	197	594	709	753	591	1000	417	825	247	271	564	221	640	626	336	290	27	62	164	21	94	36	44	89	34	26	45	62	47	28	13	42	27	10	26	16	25
64	170	2	2	119	0	1953125	12	0.0	294	1.07	0	0	V0.2	0	0	334	307	281	271	291	254	221	185	210	210	151	125	133	138	89	116	168	163	157	203	259	279	242	292	358	366	328	366	401	466	379	380	478	467	441	394	535	423	394	261	549	294	546	378	283	384	551	539	268	502	222	999	489	264	707	476	146	470	605	319	270	538	408	358	344	349	377	332	345	292	341	309	251	262	243	225	183	178	184	135	117	99	100	49	26
64	170	2	2	119	0	1953125	12	0.0	0	0.48	0	0	V0.2	0	0	8	11	13	15	15	14	13	11	11	14	17	20	20	20	19	16	14	16	21	28	30	32	30	26	22	18	18	25	24	25	23	23	42	58	96	85	124	150	154	220	210	226	265	269	290	428	389	504	516	497	400	604	546	678	855	776	861	1000	903	679	525	410	271	183	167	93	113	63	72	48	54	45	32	33	39	42	47	47	42	34	24	15	14	18	25
64	170	2	2	119	0	1953125	12	0.0	0	0.46	0	0	V0.2	0	0	14	16	16	14	8	2	8	13	17	17	13	6	2	11	20	23	24	19	11	5	15	30	32	44	49	41	39	37	30	70	71	90	78	80	152	52	174	185	166	220	109	260	228	165	391	169	382	187	518	393	374	621	458	1000	844	749	711	283	368	118	223	208	39	210	153	159	136	95	67	23	10	34	48	61	58	55	29	13	9	26	35	39	35	26	12
