34928	35048	35167	35286	35405	35524	35644	35763	35882	36001	36120	36240	36359	36478	36597	36716	36836	36955	37074	37193	37313	37432	37551	37670	37789	37909	38028	38147	38266	38385	38505	38624	38743	38862	38981	39101	39220	39339	39458	39577	39697	39816	39935	40054	40174	40293	40412	40531	40650	40770	40889	41008	41127	41246	41366	41485	41604	41723	41842	41962	42081	42200	42319	42439	42558	42677	42796	42915	43035	43154	43273	43392	43511	43631	43750	43869	43988	44107	44227	44346	44465	44584	44703	44823	44942
64	170	1	2	119	0	1953125	12	0.0	0	0.95	0	0	V0.2	0	0	120	157	116	159	111	165	112	167	104	161	102	163	102	149	97	145	105	134	108	121	118	117	138	101	150	94	177	79	197	30	233	27	275	50	247	106	232	225	184	299	240	368	187	449	286	505	376	366	150	187	286	314	457	527	843	842	999	900	715	620	491	313	338	125	305	118	296	136	250	174	193	204	137	218	77	205	30	197	11	172	30	155	50	133	59
64	170	1	2	119	0	1953125	12	0.0	0	0.95	0	0	V0.2	0	0	148	128	161	120	165	116	172	112	171	102	170	104	165	98	155	95	150	96	144	96	141	107	131	125	137	139	132	154	92	206	72	256	76	259	14	278	23	263	185	310	286	303	343	271	411	314	520	230	298	75	314	377	499	601	836	810	1000	847	760	541	533	298	298	234	172	296	103	294	62	273	82	242	122	194	148	148	162	108	164	71	152	49	147	26	135
64	170	1	2	119	0	1953125	12	0.0	0	0.95	0	0	V0.2	0	0	144	136	143	146	132	151	129	161	118	161	105	166	98	161	84	161	73	161	70	155	67	161	82	163	96	156	119	155	159	138	216	138	259	82	254	75	275	105	316	245	361	306	268	379	356	461	444	353	209	241	245	442	434	662	873	977	981	1000	661	671	415	399	266	226	283	172	305	101	302	77	271	103	237	139	181	154	141	168	94	166	64	156	39	152	18
64	170	1	2	119	0	1953125	12	0.0	0	0.95	0	0	V0.2	0	0	171	113	173	114	172	124	171	129	161	133	151	139	139	139	125	146	112	152	93	158	73	173	52	189	37	201	16	212	52	232	100	262	133	233	191	227	231	156	345	194	432	231	439	307	493	366	561	258	326	216	241	474	419	698	856	999	966	1000	700	723	484	463	218	335	171	334	207	254	231	187	261	114	263	50	243	18	225	49	188	67	163	85	138	94	117
64	170	1	2	119	0	1953125	12	0.0	0	0.95	0	0	V0.2	0	0	101	156	104	155	100	158	107	158	103	147	107	145	114	132	110	122	120	112	123	92	135	83	151	58	166	48	188	31	192	36	218	64	250	112	197	168	181	261	124	338	191	401	183	430	262	442	360	336	201	170	298	287	480	494	892	819	1000	817	718	530	512	261	344	102	289	159	254	194	194	221	126	236	66	230	18	208	31	182	63	153	76	130	88	105	92
64	170	1	2	119	0	1953125	12	0.0	0	0.95	0	0	V0.2	0	0	122	150	123	158	113	162	109	169	104	164	95	163	97	158	88	150	94	145	95	133	106	129	126	121	138	116	169	98	195	54	233	56	271	26	246	81	250	197	234	291	292	389	238	453	296	489	371	350	126	208	269	387	527	653	911	917	1000	970	720	623	485	351	326	157	313	124	311	116	280	152	224	184	172	207	111	205	64	198	22	182	5	163	25	149	41
64	170	1	2	119	0	1953125	12	0.0	0	0.95	0	0	V0.2	0	0	98	140	111	135	116	132	128	122	134	111	136	102	142	89	139	72	145	65	143	48	148	49	152	59	160	72	164	101	139	152	135	188	150	220	60	248	35	282	130	319	180	350	297	329	365	341	448	249	272	84	311	308	471	519	842	846	1000	787	672	472	492	272	298	210	182	267	122	270	74	252	77	221	112	182	137	134	147	94	152	59	143	33	138	11	125
64	170	1	2	119	0	1953125	12	0.0	0	0.95	0	0	V0.2	0	0	104	145	104	150	98	155	97	159	94	152	90	149	93	142	92	132	97	126	104	113	116	102	131	91	150	77	174	63	193	20	220	30	250	52	239	129	203	215	199	316	230	362	202	426	242	445	361	314	133	185	276	395	540	557	874	916	999	827	650	556	470	286	325	124	288	116	281	146	238	169	182	200	127	209	70	200	25	187	15	167	34	146	49	128	61
64	170	1	2	119	0	1953125	12	0.0	0	0.96	0	0	V0.2	0	0	140	120	151	120	162	108	163	105	168	102	161	92	158	98	149	93	138	92	135	89	130	84	133	88	130	86	142	111	131	127	138	138	146	158	90	196	48	270	79	334	79	331	185	378	182	310	261	135	212	99	397	461	666	685	1000	876	996	747	730	499	466	186	330	113	260	174	235	218	173	223	111	233	52	221	11	200	22	180	48	150	51	136	68	112	62
64	170	1	2	119	0	1953125	12	0.0	34	1.03	0	0	V0.2	0	0	90	14	82	9	90	6	76	32	78	32	59	57	55	63	45	84	34	83	44	105	51	110	70	123	89	132	106	131	117	116	99	98	68	106	66	40	98	23	101	117	298	143	243	204	464	345	384	515	617	661	723	715	867	861	898	785	1000	806	584	661	690	557	413	390	324	335	182	200	144	166	108	131	125	109	126	116	118	90	119	100	99	77	99	76	73
64	170	1	2	119	0	1953125	12	0.0	24	1.02	0	0	V0.2	0	0	73	37	80	35	72	14	80	18	65	21	78	29	60	57	67	58	50	89	47	90	48	118	25	123	55	137	13	166	72	146	29	112	10	78	102	97	71	127	202	221	138	289	306	319	384	561	418	629	491	792	820	753	602	892	1000	777	803	947	658	714	609	607	471	494	345	348	262	264	169	199	153	182	90	173	118	144	80	160	102	116	83	130	81	83	86
64	170	1	2	119	0	1953125	12	0.0	134	1.04	0	0	V0.2	0	0	81	43	75	16	98	21	71	22	93	21	61	56	65	49	47	79	24	71	51	83	49	83	87	65	132	81	146	55	203	102	198	101	290	160	212	99	260	92	138	42	149	79	100	125	232	243	324	451	429	593	678	653	674	815	1000	719	820	978	958	718	651	625	659	433	368	326	364	185	182	189	176	113	121	149	88	120	99	115	48	111	73	70	56	89	56
64	170	1	2	119	0	1953125	12	0.0	79	1.03	0	0	V0.2	0	0	101	16	105	24	99	31	104	39	93	56	97	60	84	87	90	96	84	126	85	133	89	160	89	171	95	185	88	190	90	205	91	209	126	234	113	223	150	252	169	330	268	389	341	584	594	703	744	852	757	808	856	958	831	848	964	999	913	705	604	584	498	334	347	325	358	201	268	212	273	144	235	188	249	144	221	170	207	127	184	141	149	111	146	120	107
64	170	2	2	119	0	1953125	12	0.0	154	1.05	0	0	V0.2	0	0	30	133	41	123	64	118	77	106	98	93	111	88	122	85	134	105	136	132	146	158	141	203	151	227	147	263	144	265	157	286	130	340	280	437	282	490	427	533	419	590	567	717	635	859	754	903	880	1000	853	941	738	847	713	887	756	651	785	838	590	478	465	487	417	432	347	396	306	318	256	300	217	227	211	216	171	159	175	147	145	128	147	102	132	117	122
64	170	2	2	119	0	1953125	12	0.0	244	1.06	0	0	V0.2	0	0	94	36	72	57	73	57	53	75	40	72	37	76	19	76	54	67	72	66	86	37	112	23	102	35	159	52	158	119	225	99	196	129	152	124	155	248	172	295	337	420	393	492	522	572	528	635	652	672	847	1000	938	711	902	921	704	391	368	504	273	283	380	560	418	377	362	446	356	280	252	282	200	174	142	175	85	140	88	121	37	119	61	85	64	99	58
64	170	2	2	119	0	1953125	12	0.0	7601	2.32	0	0	V0.2	0	0	48	48	49	37	32	46	42	27	34	34	35	18	22	31	29	12	19	37	31	23	28	64	56	47	56	63	34	144	93	134	27	157	46	175	30	253	206	143	236	63	180	151	277	255	196	101	264	105	366	285	96	341	427	1000	330	317	616	763	224	312	317	248	194	202	197	88	134	83	53	27	60	20	4	32	59	8	20	41	39	13	16	36	38	23	9
64	170	2	2	119	0	1953125	12	0.0	7545	2.31	0	0	V0.2	0	0	40	47	35	38	41	51	23	58	25	67	14	36	21	42	21	16	42	27	38	19	51	40	28	62	109	17	92	25	78	62	53	110	162	135	273	188	287	205	153	218	173	356	420	393	442	242	41	71	251	375	473	743	922	919	1000	854	671	491	184	131	107	200	72	64	86	69	55	65	65	106	16	36	55	40	35	28	36	16	42	18	40	19	49	42	43
64	170	2	2	119	0	1953125	12	0.0	7903	2.38	0	0	V0.2	0	0	50	85	20	66	69	72	38	14	83	21	48	57	49	49	46	59	43	66	47	24	100	44	31	106	134	67	42	120	96	174	57	109	140	171	93	118	346	302	74	91	196	366	425	461	532	380	224	272	291	300	412	483	266	133	696	1000	916	630	229	529	581	433	54	126	165	41	175	40	106	57	104	91	92	93	19	128	59	33	54	81	18	48	62	18	51
64	170	2	2	119	0	1953125	12	0.0	7511	2.31	0	0	V0.2	0	0	54	113	26	81	29	99	55	59	37	70	77	30	35	53	51	55	40	56	56	66	66	89	142	51	143	43	131	42	128	110	111	85	41	147	272	177	255	206	112	231	140	237	94	412	504	798	738	426	296	362	817	940	1000	861	525	368	208	403	330	329	350	129	82	171	183	26	87	98	143	16	100	26	134	76	78	52	89	96	41	62	26	76	47	53	10
64	170	2	2	119	0	1953125	12	0.0	7541	2.31	0	0	V0.2	0	0	63	58	63	71	76	46	54	65	55	54	61	65	46	60	83	56	47	26	86	42	82	12	105	95	75	36	77	176	97	165	130	169	186	113	145	143	211	57	30	271	182	407	476	570	567	421	438	172	79	525	905	1000	981	704	275	307	362	679	744	559	367	205	412	392	418	165	105	70	149	81	169	52	88	76	171	60	62	42	117	70	21	51	90	68	37
64	170	2	2	119	0	1953125	12	0.0	0	0.95	0	0	V0.2	0	0	564	513	469	451	450	466	429	352	251	291	308	251	173	122	186	234	186	194	270	374	431	432	420	509	542	656	613	676	660	675	804	788	766	774	708	796	1000	735	652	670	881	748	884	551	758	611	700	796	531	578	942	678	981	736	989	224	308	993	788	622	513	679	782	664	508	607	582	604	540	515	525	478	439	422	430	351	391	309	284	246	225	192	139	140	75
64	170	2	2	119	0	1953125	12	0.0	0	0.96	0	0	V0.2	0	0	112	146	127	137	134	141	139	130	145	123	152	113	145	100	149	97	136	91	135	82	149	68	133	82	151	47	167	46	197	67	167	107	217	133	309	290	76	48	340	502	304	477	295	556	292	244	100	471	580	893	1000	789	768	596	278	576	898	883	760	664	629	388	398	84	228	137	332	144	184	92	211	171	118	160	94	165	72	157	33	139	40	130	40	105	28
64	170	2	2	119	0	1953125	12	0.0	0	0.69	0	0	V0.2	0	0	68	91	84	61	86	95	65	71	95	74	69	100	94	65	91	104	74	91	114	89	75	122	108	63	122	155	90	80	179	139	31	150	189	70	198	288	265	261	235	397	341	267	390	382	114	194	177	106	288	305	191	371	499	455	703	1000	912	117	157	501	606	348	211	291	250	91	159	154	106	29	119	101	5	87	92	50	67	102	66	46	91	80	47	86	99
64	170	2	2	119	0	1953125	12	0.0	0	0.71	0	0	V0.2	0	0	17	23	30	23	16	32	31	12	19	26	15	10	27	24	4	15	20	15	8	13	19	12	10	26	34	27	25	57	49	19	74	80	59	104	216	159	69	65	207	272	158	199	162	85	202	502	463	108	135	368	717	735	792	494	165	322	480	1000	569	213	233	61	218	217	115	67	61	112	79	34	43	47	21	19	47	34	8	42	43	20	14	36	28	3	32
64	170	2	2	119	0	1953125	12	0.0	7752	2.35	0	0	V0.2	0	0	22	16	13	21	15	18	20	14	13	8	10	4	7	6	4	6	12	9	17	2	20	13	5	42	23	51	13	23	14	69	59	41	76	85	70	151	153	205	117	170	278	367	322	309	207	150	76	29	169	223	138	645	867	560	843	1000	736	232	290	475	107	174	77	206	86	176	30	112	53	45	44	35	35	17	32	23	18	26	22	10	17	16	12	11	3
64	170	2	2	119	0	1953125	12	0.0	7395	2.29	0	0	V0.2	0	0	42	71	48	94	11	86	5	90	36	63	26	64	48	51	28	47	29	64	64	18	49	43	66	63	47	87	41	148	44	129	60	171	183	151	227	46	100	175	350	290	602	661	870	1000	742	638	218	330	553	861	998	821	698	453	209	252	228	297	589	620	616	554	231	43	119	306	222	109	117	110	76	34	24	130	105	17	27	72	100	23	39	45	98	61	32
64	170	2	2	119	0	1953125	12	0.0	7681	2.34	0	0	V0.2	0	0	69	53	13	26	56	32	33	16	38	35	32	16	31	42	12	5	56	63	18	33	69	34	37	32	97	55	49	12	80	111	114	71	125	93	117	92	130	136	174	153	153	103	238	405	456	516	280	145	288	437	588	717	909	1000	855	421	208	465	525	351	272	226	63	165	200	222	124	94	87	90	98	102	40	31	99	84	19	32	60	51	53	42	32	32	43
64	170	2	2	119	0	1953125	12	0.0	0	0.69	0	0	V0.2	0	0	442	441	427	425	406	418	423	431	432	434	446	457	460	459	475	478	492	518	551	551	552	557	548	538	574	585	582	591	643	643	613	645	696	674	608	548	521	614	718	570	698	680	595	865	346	659	816	891	824	468	428	57	280	446	1000	819	692	433	361	440	453	218	468	436	496	537	449	468	456	438	430	411	407	443	440	427	444	445	444	451	486	475	498	518	530
64	170	2	2	119	0	1953125	12	0.0	0	0.70	0	0	V0.2	0	0	118	93	112	135	110	115	143	128	111	148	148	118	141	159	127	131	162	132	117	152	137	101	157	158	94	150	170	102	59	148	134	56	206	235	128	207	232	113	137	275	208	42	254	288	393	543	719	318	253	578	875	730	420	504	366	295	748	1000	360	110	195	274	419	281	74	30	202	221	29	127	161	84	70	162	128	58	115	120	63	95	117	72	80	113	80
64	170	2	2	119	0	1953125	12	0.0	0	0.69	0	0	V0.2	0	0	61	35	17	53	54	18	36	60	46	6	48	58	27	28	65	55	6	57	77	40	26	86	92	36	66	114	83	57	107	125	92	100	168	188	206	185	221	186	199	207	250	99	199	328	474	683	674	439	355	586	830	843	533	729	600	190	490	999	629	181	147	438	475	194	87	151	205	106	148	192	157	47	92	160	112	13	82	106	53	41	103	92	25	69	99
64	170	2	2	119	0	1953125	12	0.0	7688	2.34	0	0	V0.2	0	0	20	41	41	21	15	38	42	31	6	32	37	20	6	25	27	18	8	31	29	19	10	31	43	53	38	53	80	42	34	39	131	88	91	52	226	186	132	160	115	228	193	259	320	616	288	430	603	330	422	372	211	479	201	173	508	109	913	1000	633	360	261	183	328	92	17	78	107	105	28	39	33	75	64	27	15	38	31	17	13	25	28	26	21	18	10
64	170	2	2	119	0	1953125	12	0.0	0	0.62	0	0	V0.2	0	0	21	14	30	22	9	16	10	59	45	17	41	46	25	21	29	25	50	52	12	33	40	17	43	65	66	45	98	12	62	65	33	35	81	128	198	161	300	83	121	173	217	209	392	290	373	407	207	628	521	646	852	1000	673	770	699	376	252	256	299	295	81	157	91	177	139	37	44	73	80	61	55	42	34	41	43	66	32	23	35	44	22	47	54	23	44
64	170	2	2	119	0	1953125	12	0.0	213	1.06	0	0	V0.2	0	0	48	69	76	53	27	75	33	71	21	43	47	68	23	18	87	36	24	80	84	36	43	126	31	111	74	133	52	144	54	66	150	176	75	111	284	84	267	310	374	195	320	396	386	102	302	260	308	638	680	461	330	862	968	823	493	696	926	1000	921	920	565	514	454	473	200	182	172	201	26	177	90	107	146	174	65	65	119	61	72	57	69	33	92	54	20
64	170	2	2	119	0	1953125	12	0.0	7802	2.36	0	0	V0.2	0	0	45	37	23	39	50	33	19	30	38	28	10	26	35	24	8	34	41	30	14	42	58	28	36	55	43	53	68	96	68	73	82	106	96	134	155	138	104	112	129	162	166	345	95	288	54	161	80	469	271	189	582	439	322	1000	881	784	23	169	440	413	37	339	106	74	61	159	66	39	50	76	58	64	51	32	34	53	54	21	31	43	49	22	17	33	44
64	170	2	2	119	0	1953125	12	0.0	7993	2.39	0	0	V0.2	0	0	60	48	82	49	41	53	32	71	16	26	50	13	41	45	30	59	28	45	57	41	70	17	111	41	64	85	88	81	51	70	158	166	88	79	149	163	244	247	266	25	90	231	542	960	899	812	408	418	451	609	403	347	758	1000	850	701	411	229	169	201	164	93	184	140	233	137	9	40	98	130	58	48	90	89	38	27	29	80	53	11	30	63	57	22	7
64	170	2	2	119	0	1953125	12	0.0	174	1.05	0	0	V0.2	0	0	390	379	346	336	329	314	290	246	244	237	173	158	140	147	129	123	177	199	207	236	283	324	344	361	404	425	452	460	466	530	510	517	518	530	547	519	489	572	572	451	513	527	312	566	553	187	714	312	459	469	302	587	697	346	392	1000	326	295	634	334	533	469	341	535	456	389	407	394	426	405	329	333	355	323	273	265	260	253	192	152	165	142	96	46	23
64	170	2	2	119	0	1953125	12	0.0	179	1.05	0	0	V0.2	0	0	68	81	37	105	48	88	35	106	22	94	55	94	41	91	82	69	87	83	115	46	146	80	152	51	183	73	166	83	225	105	223	190	378	210	320	243	438	242	383	260	422	244	441	456	542	361	624	629	610	524	710	708	618	585	984	831	1000	781	939	773	723	420	548	451	445	236	354	269	281	142	267	168	189	97	200	107	128	84	148	68	98	88	107	60	83
64	170	2	2	119	0	1953125	12	0.0	129	1.04	0	0	V0.2	0	0	108	56	104	60	98	66	96	73	84	79	78	88	68	101	69	112	74	127	89	149	101	160	119	180	126	186	159	204	156	229	192	274	218	328	238	360	267	354	247	372	288	436	346	646	561	704	661	862	721	900	804	908	752	976	937	1000	957	963	681	733	561	545	473	458	335	291	290	269	227	222	241	223	202	197	207	171	157	155	159	124	116	131	123	102	97
64	170	2	2	119	0	1953125	12	0.0	0	1.00	0	0	V0.2	0	0	23	73	49	64	45	59	44	58	54	46	29	57	54	49	11	69	43	54	12	98	36	67	19	132	40	80	22	146	60	137	75	208	70	237	210	292	146	185	260	232	291	150	328	316	509	384	497	780	734	677	822	978	697	535	822	1000	828	460	265	469	479	379	177	287	379	293	199	123	281	172	144	55	196	96	71	51	151	72	55	66	120	62	51	81	94
64	170	2	2	119	0	1953125	12	0.0	6229	2.09	0	0	V0.2	0	0	15	67	13	63	8	74	19	51	28	66	24	32	42	38	45	43	76	35	77	65	92	39	99	84	92	78	133	107	75	134	183	212	162	120	189	271	281	151	156	257	312	450	367	539	711	852	655	261	444	855	1000	690	217	434	856	798	606	294	247	366	376	325	332	185	230	164	214	90	157	117	161	102	164	115	122	79	128	99	102	86	104	81	74	70	68
